0.0 0.013831287587151797 0.09194449083854203 0.9956680702363225
0.006666666666666667 0.007166676628708568 0.08963570769707518 0.9959488333502601
0.013333333333333334 0.0067855455611881554 0.09480679629090806 0.9954725650405897
0.02 0.0011605136771782876 0.08486662304782977 0.9963916446360149
0.02666666666666667 -0.0005911030074143842 0.08938872336874606 0.9959966399199047
0.03333333333333333 0.00588290320337944 0.07917509563136382 0.9968433656706877
0.04 0.008936266103175605 0.07472528694192726 0.9971641162013302
0.04666666666666667 0.002404910073987021 0.0721906032094175 0.9973879552189291
0.05333333333333334 0.00911932863713455 0.07364891260378115 0.9972425359547642
0.06 0.006322013423105899 0.07197269245289284 0.9973865668272055
0.06666666666666667 0.007021441507973236 0.06609238050945038 0.9977888036041215
0.07333333333333333 0.008406232455366203 0.061614827053359855 0.9980646012874573
0.08 0.008421219659283885 0.06465424523859431 0.9978721920326662
0.08666666666666667 -0.00021562914699213565 0.05815136009510802 0.9983077545642727
0.09333333333333334 0.0111373391315569 0.061712280973278855 0.9980318402005738
0.1 0.009891751736722076 0.052449188611539244 0.9985746020511288
0.10666666666666667 0.005432765177567078 0.05877929277079408 0.9982562195167586
0.11333333333333333 0.00963885342394527 0.05423854973161957 0.9984814831671551
0.12 0.008058371042498735 0.05483429490182096 0.9984629501182111
0.12666666666666668 0.006904469909282618 0.05694312610281435 0.998353548941912
0.13333333333333333 0.011620614914004457 0.048850043985597336 0.9987385215919257
0.14 0.0035374277250079245 0.04221239647334729 0.9991023972491846
0.14666666666666667 0.004281125204981917 0.044374621637796374 0.9990057882322212
0.15333333333333332 0.004913425279098993 0.04744737305733182 0.9988616546058744
0.16 0.0036317592584968472 0.037751023519246085 0.9992805764888748
0.16666666666666666 0.010042007054202329 0.047496633175741265 0.9988209188494663
0.17333333333333334 0.011373731442895413 0.039449979363367804 0.9991568131986563
0.18 -0.003632887285581199 0.04790471223326709 0.998845303676109
0.18666666666666668 0.005602286067002846 0.029909198363901268 0.9995369199004369
0.19333333333333333 0.008823199647445379 0.03252400025748736 0.9994320089707114
0.2 0.0050307670677283145 0.034291858600645986 0.999399199427548
0.20666666666666667 0.006480810842183493 0.04013820257552947 0.9991731200271723
0.21333333333333335 0.0024882552647172568 0.044104265805888436 0.9990238347123961
0.22 0.0008184280202931521 0.03683690698996567 0.9993209556788991
0.22666666666666666 0.00501899057281463 0.0349892238217856 0.999375086716684
0.23333333333333334 -0.0017122982251918106 0.03817134196488342 0.9992697417051051
0.24 0.004695954515670286 0.031029988109996687 0.9995074226082963
0.24666666666666667 -0.0003995011626202194 0.036520113436951496 0.9993328383043225
0.25333333333333335 0.0013692092608162953 0.039432780210137026 0.9992212873587608
0.26 0.008522296702975635 0.04577073378725366 0.9989156172507679
0.26666666666666666 0.005761790429575475 0.033868257509078764 0.9994096972234883
0.2733333333333333 -0.0029643930704367286 0.03975054601083261 0.9992052374089946
0.28 0.008100710238096887 0.04107467163825451 0.9991232405681735
0.2866666666666667 0.002348649496781152 0.036295349328458425 0.9993383468388802
0.29333333333333333 0.003985134457194839 0.04007255439318294 0.9991888255418808
0.3 0.008093046015158978 0.0404772652178208 0.9991476835817027
0.30666666666666664 0.002949833463327056 0.04250713883937979 0.9990918084091311
0.31333333333333335 -0.0004667030690060914 0.046404371015366874 0.9989226279041407
0.32 0.0005662701473864162 0.04701113107843585 0.9988942050551932
0.32666666666666666 0.007164227445258575 0.045920205045004936 0.9989194204808199
0.3333333333333333 0.005016870769837034 0.048892431559409366 0.9987914502757258
0.34 0.006403542013748709 0.051248429075613 0.998665406012925
0.3466666666666667 0.006833579403294765 0.04955093301456004 0.9987482201385518
0.35333333333333333 -0.00307998074788296 0.06291018397567871 0.9980144400111349
0.36 0.004791794452669015 0.058697262229811864 0.9982643287790306
0.36666666666666664 -6.635673865119235e-05 0.05009809940178661 0.9987442996248399
0.37333333333333335 0.0007647699453322623 0.061374623115807436 0.9981145078418224
0.38 0.0008057825961855225 0.05777547403395922 0.9983292769996076
0.38666666666666666 0.006946085397493973 0.06317743322585484 0.9979781379512493
0.3933333333333333 -0.0007054932536242342 0.06442633883183846 0.9979222159787776
0.4 -0.0030092771410681896 0.06545529217721702 0.9978509653134997
0.4066666666666667 0.0026818478021412018 0.0737324765661507 0.9972744504858169
0.41333333333333333 0.006495910754192008 0.08021124791947298 0.9967567199927346
0.42 0.006913237568844877 0.0699976644313133 0.9975231997906003
0.4266666666666667 0.004210174164994973 0.07972538191341039 0.9968079744425506
0.43333333333333335 0.001501822953444698 0.07342533806254936 0.997299586011253
0.44 0.0029903760082645725 0.07807882835482627 0.9969427035763222
0.44666666666666666 -0.005106726615596302 0.07741590173741614 0.9969858070712222
0.4533333333333333 0.005742621116694491 0.08987655763555769 0.9959363567469021
0.46 0.0019420486327944575 0.08903729941147298 0.9960263991283663
0.4666666666666667 0.009219080560416093 0.09126698691593649 0.9957837845902627
0.47333333333333333 0.008629056179154215 0.08528299167739206 0.9963194019590363
0.48 0.007211892013850946 0.09577949034976474 0.9953764503151155
0.4866666666666667 0.001239511109272895 0.09442597808606834 0.995531113664811
0.49333333333333335 0.012231519209598862 0.09910515027922007 0.9950017885038993
0.5 0.009474301175009518 0.09911957807597455 0.995030425092261
0.5066666666666667 0.004535938870690731 0.10080762971028889 0.9948955960555634
0.5133333333333333 -0.0034830834759147916 0.10476907972493787 0.9944904766075389
0.52 0.005278775650932932 0.11061292954231405 0.9938495431128871
0.5266666666666666 0.004150112284290297 0.10897105021756931 0.9940362602956232
0.5333333333333333 0.011407967997870541 0.10698981185668632 0.9941946682742921
0.54 0.003696619856215777 0.11438898672669051 0.993429159385449
0.5466666666666666 0.007617578767018907 0.11336388369770378 0.9935243340586589
0.5533333333333333 0.0028859460240915347 0.1179873564288374 0.993010903786298
0.56 0.006725292515090742 0.12514038010801748 0.9921162511051858
0.5666666666666667 0.0025558443848389123 0.12426382515887419 0.9922459218441594
0.5733333333333334 0.010181828173888685 0.13299458937348782 0.9910644628743456
0.58 0.006735724489066119 0.13044513674948643 0.9914326484002909
0.5866666666666667 0.006849376152195535 0.13310851485672603 0.9910778018495634
0.5933333333333334 0.010647995884810912 0.13050756119246376 0.9913901334264088
0.6 0.0006476341306438371 0.13390959223381127 0.9909933408846939
0.6066666666666667 0.0010227357066455722 0.14493553216155786 0.9894405720045647
0.6133333333333333 0.0048038066606706925 0.13798906769082908 0.9904221022571046
0.62 0.006781546943500083 0.14289453635639338 0.9897146872207891
0.6266666666666667 0.014399468677814165 0.1405164479197579 0.9899736275102539
0.6333333333333333 0.016401166530433275 0.13930898151657722 0.9901131295994691
0.64 0.007393891437476929 0.14769746574670112 0.9890049489165426
0.6466666666666666 0.009389058694876495 0.15135647497505927 0.9884346529032397
0.6533333333333333 0.002351741437750521 0.15336345727448253 0.9881670502931315
0.66 0.0017964078937106054 0.16478503880031886 0.9863278683613562
0.6666666666666666 0.01069771741158343 0.15671868149720591 0.9875853450269295
0.6733333333333333 0.002791557457277327 0.15755398149960187 0.9875064304198662
0.68 0.0017976803611735592 0.15779133349951663 0.9874708418063611
0.6866666666666666 0.002391967365925063 0.1618883278780025 0.9868061855242827
0.6933333333333334 0.007372745888319182 0.15978542742072321 0.9871242372680566
0.7 0.010984898367876417 0.16839748994611758 0.9856579616620033
0.7066666666666667 0.01643258039807971 0.1609262351326377 0.9868296292407797
0.7133333333333334 0.005621702407203832 0.1597366365431473 0.9871436589513845
0.72 0.0076149558073052015 0.15489919992011214 0.9879009314259006
0.7266666666666667 0.007629532513768245 0.15482767710041334 0.9879120308191978
0.7333333333333333 0.006922170890917512 0.16060883961742034 0.986993862284312
0.74 0.01080752121694789 0.15956852241383007 0.9871276939382323
0.7466666666666667 0.00956638623920747 0.16165017093016126 0.9868017564296145
0.7533333333333333 0.011684610550500407 0.16131497296727643 0.9868338002788768
0.76 0.00822492038208772 0.15719341991725916 0.9875335839450852
0.7666666666666667 0.013574796781564036 0.15740371321415914 0.987441034167982
0.7733333333333333 0.005873852518109901 0.15850132878210288 0.9873412918696878
0.78 0.012990100362817336 0.15337768820866665 0.9880822546996427
0.7866666666666666 0.009486390932267219 0.15855943662745556 0.9873038607457507
0.7933333333333333 0.010862592488654002 0.15812941089393717 0.9873586448169489
0.8 0.002710879995581556 0.1558204974504085 0.9877816680339622
0.8066666666666666 0.008211707352808573 0.15987625885930445 0.98710290735845
0.8133333333333334 0.005655127633421242 0.16099464017948506 0.9869390788518448
0.82 0.012104244080965554 0.15840142411471847 0.9873006006853522
0.8266666666666667 0.009431441550692102 0.157828788086243 0.9874214508311552
0.8333333333333334 0.007859783013525523 0.15517048380321347 0.9878564393510106
0.84 0.012434866617238333 0.15863395597035113 0.9872591565062381
0.8466666666666667 0.007336230676628475 0.15598259029683414 0.9877325605869987
0.8533333333333334 0.007035118229209436 0.15114924462696333 0.988485919454698
0.86 0.01390572086766323 0.13965311988922968 0.9901028416444199
0.8666666666666667 0.007906003446970566 0.1463484181242024 0.9892015141628324
0.8733333333333333 0.013885942548427344 0.1503760208306691 0.9885313515304792
0.88 0.00646968557276692 0.14724074286862554 0.9890795250171164
0.8866666666666667 0.005968699618640716 0.14394865982082575 0.9895671568724628
0.8933333333333333 0.014900234411391905 0.13319557263062431 0.990977760823161
0.9 0.015526671091394217 0.13633498733592087 0.9905411115713135
0.9066666666666666 0.004667583808577014 0.13146037735512583 0.9913104371724522
0.9133333333333333 -0.0007115677817938204 0.13531074328177228 0.9908029553972002
0.92 0.011846858217752554 0.12872643751664445 0.9916093768388043
0.9266666666666666 0.00928961828007574 0.12956458176326358 0.991527469183139
0.9333333333333333 -0.001762125374005552 0.1189031850987865 0.9929042891877997
0.94 0.015910322739113858 0.11624508487836877 0.9930931184294645
0.9466666666666667 0.006649174566881855 0.12002199328646157 0.9927489660559328
0.9533333333333334 0.0028637061480490944 0.1105264696944045 0.9938690550993072
0.96 0.001927057680036648 0.11090984316052144 0.9938286035020358
0.9666666666666667 0.00723935134171072 0.1060582928103474 0.9943335608930771
0.9733333333333334 0.01251967398587367 0.10493296792574452 0.9944004877339825
0.98 0.004245992062445081 0.10538395499086137 0.9944225427764047
0.9866666666666667 0.010056096486868036 0.10336934815855736 0.9945922042650052
0.9933333333333333 0.00703828530812578 0.09752569544749524 0.9952081195746965
