0 0.04868358148998758 0.39814974932765135 0.9160276666147347
1 0.06658813317965784 0.38916631104618626 0.9187576409839272
2 0.07066059350235632 0.378110702349814 0.9230597907472871
3 0.10412677484990249 0.38366761556104034 0.9175820265943877
4 0.12720592535534214 0.37940621767456095 0.9164439833096041
5 0.15007400060020676 0.366934799291752 0.9180613527496789
6 0.16608080256318808 0.3597971117544848 0.9181302769177686
7 0.1829364455795277 0.37057371305986925 0.9106093454757369
8 0.21299664446669297 0.3577503979829198 0.9092013430417881
9 0.2248254130383725 0.34457803516139685 0.9114381555193067
10 0.24930591792213663 0.3333069145622005 0.9092596218869652
11 0.27435294415148176 0.33852318668919945 0.9000736159388315
12 0.2763685673457098 0.3119241963478388 0.9090234929395579
13 0.3065929377137861 0.31639410687050684 0.8977168482776987
14 0.3298403601765223 0.3122547767846521 0.8908997088190058
15 0.34899965950764056 0.3077274596378689 0.885157075466482
16 0.371804134962928 0.289991184409369 0.8818541819310717
17 0.39691454094525347 0.28618338523748577 0.8720997174636803
18 0.41536742024409756 0.27755480142312294 0.8662754979835999
19 0.4368517326487905 0.25512691752773115 0.8625953974109457
20 0.4547710137230132 0.2523636438376603 0.8541053309436263
21 0.4623229502262313 0.2257097037655199 0.857503713881284
22 0.48026124009364046 0.22980892649123014 0.8464850846699354
23 0.5028010735277229 0.21049903228927735 0.8383801273078024
24 0.5230863215165075 0.19144290005213135 0.8305000398928102
25 0.5334405358577776 0.1765969890839848 0.8271968920095375
26 0.5392778559948143 0.17420093766901856 0.8239134829269823
27 0.5579160524873437 0.1553746092101487 0.8152229199364632
28 0.5537081983858144 0.1359378669750586 0.8215400947991567
29 0.5752917596492191 0.13893373292734557 0.8060625342580923
30 0.5868648847726342 0.12638323475325125 0.7997605172763327
31 0.5986049015161897 0.12339319559614495 0.7914836013218244
32 0.6014941946526883 0.11463740014610624 0.7906092589179916
33 0.5978980005635177 0.09841030167764919 0.7955082610795828
34 0.5892227384989213 0.09203184636823292 0.8027120926520828
35 0.6097300440611384 0.0795089992208935 0.7886111794871375
36 0.6057156474806721 0.09356717777597778 0.7901605771234786
37 0.6154846626303621 0.06578088339359528 0.7853989466804421
38 0.6074595458705936 0.08121925973814503 0.790187529627164
39 0.6085487429534707 0.06809919552336954 0.7905889747642705
40 0.6024306509362359 0.07457279745795031 0.7946799410403153
41 0.5850792247859364 0.06300050248302924 0.8085253474139036
42 0.5768507665751448 0.05612831279502939 0.8149188951082498
43 0.5923964028952926 0.05999380903931533 0.8034097614005397
44 0.577645185554412 0.059044296636570855 0.814149747061621
45 0.569388660105656 0.06333239209065222 0.819625256965134
46 0.5849301769656885 0.052783320375019746 0.8093643241242332
47 0.5484864992593227 0.057915052760202396 0.8341513092922863
48 0.5392389705144907 0.07114282766362667 0.8391424377008324
49 0.5389873516531533 0.0628770122855371 0.8399637587919877
50 0.5244135614659867 0.06009863370070245 0.8493400795781793
51 0.4865614330795188 0.07408629026887059 0.870499393126613
52 0.4924314286314193 0.06763631850663265 0.8677192037260033
53 0.46048958384204897 0.0700408853930018 0.8848975181038428
54 0.44761463958108005 0.0812461498144037 0.8905280442372578
55 0.43578898397390686 0.10881696261381446 0.8934466017029186
56 0.4146207031220125 0.10151336081921236 0.9043144973502285
57 0.3915438936704526 0.11657118612475992 0.9127456041498351
58 0.37572685467106676 0.14512224522095635 0.9152971455330863
59 0.3510839013026642 0.1296262375870777 0.9273279531940788
60 0.32778948856977863 0.1418197096908228 0.9340456204738466
61 0.319079478126192 0.146860828959731 0.9362799707117404
62 0.2875549041485307 0.15729941103511447 0.9447587376617033
63 0.27368767943361183 0.1621171891806668 0.9480575252053035
64 0.2473997161015049 0.16909677537866263 0.9540438464920953
65 0.22315647791237403 0.18029795432965456 0.9579633782302356
66 0.21787225429151325 0.19652869603841738 0.955985435267386
67 0.17813917674676594 0.1953856178006803 0.9644122013250512
68 0.17321878729116136 0.21733247443574988 0.9606049381952049
69 0.1437659883571799 0.22675157211892433 0.9632834811898726
70 0.11628544603404434 0.2115800377974912 0.9704182513979609
71 0.10491018369844896 0.21885474716534026 0.9701012591474938
72 0.09003077648306013 0.2275519823790026 0.9695950467082861
73 0.053954323757956446 0.22245242628436224 0.9734494588770501
74 0.04232373906358644 0.22464486706662468 0.9735211270497914
75 0.01593539327015514 0.22585386566187374 0.9740308488990038
76 -0.005746960562995451 0.2322051471191826 0.9726498558554595
77 -0.018991948987197887 0.23918801889151137 0.9707875140793796
78 -0.04575600438488203 0.22579592412037147 0.9730994752405111
79 -0.06594045606769705 0.22924407068456992 0.9711328499796267
80 -0.08363151464586294 0.23734635133211401 0.9678184123415774
81 -0.11003699324006616 0.23980043701821885 0.9645660218588237
82 -0.1315436622294413 0.21603550618892287 0.9674838112304324
83 -0.1535367151360445 0.23097794127988364 0.9607682695360726
84 -0.1815450613669471 0.2113901272597118 0.9603934635296071
85 -0.2042465744139959 0.20237937031311565 0.9577713335195489
86 -0.2100035593690729 0.21417535479392028 0.9539535745785631
87 -0.2483316303985053 0.1913664645788064 0.9495842656543062
88 -0.26604609306561067 0.19351763401301592 0.9443359580628754
89 -0.2839825845351096 0.17865586384479565 0.9420382019826101
90 -0.31587058211787655 0.1609249009823166 0.9350555874365682
91 -0.328506912640086 0.17791411036196814 0.9275935412031439
92 -0.3484053976297159 0.17773459742522527 0.9203391178150434
93 -0.36908822043518663 0.15511656476423297 0.9163584107060571
94 -0.3930057000293208 0.16751256940926662 0.9041493564861772
95 -0.4020764243675248 0.16063158903918506 0.9014055921562572
96 -0.4171779665718839 0.15199166965618266 0.8960251539784327
97 -0.43882445010172844 0.1455078025104124 0.8867133592100133
98 -0.46290615839524235 0.1545832140661615 0.8728241051029316
99 -0.48056608067754647 0.14880282209391274 0.864241842448692
100 -0.46955152355929686 0.14365974319778663 0.8711390502712459
101 -0.5086603227706683 0.11809194876746137 0.8528299758305538
102 -0.5110635053473697 0.13616029713619426 0.8486898532360583
103 -0.5185985333925025 0.14531644855629056 0.8425785962995573
104 -0.5206823094798582 0.12954282799138944 0.8438652666810704
105 -0.5327565537048347 0.1563120946692964 0.8317072703449483
106 -0.5343119542975169 0.12205849153734522 0.8364283951052809
107 -0.5536830899316971 0.14515754676306114 0.8199782451635028
108 -0.5584195670093705 0.13055329053390208 0.8192212311163805
109 -0.5647414089743651 0.1528076909863439 0.8109975034271502
110 -0.5639317952113717 0.16903196741039075 0.8083372590342794
111 -0.5638469627165814 0.15585112357560627 0.8110407079274794
112 -0.5658279397058679 0.1598947423831586 0.8088710737852087
113 -0.5716777804787364 0.1694411234147054 0.8027915177696312
114 -0.5770085690532042 0.17265984881324958 0.7982792041929688
115 -0.5653493366862784 0.19330943953107838 0.8018800334816707
116 -0.576126121925296 0.1951856078228823 0.7937135945252107
117 -0.5615446358564923 0.2044234678647846 0.8017971487395893
118 -0.5415143580404199 0.1981877614333024 0.816996824506759
119 -0.5525902569411694 0.2081083581737586 0.8070532319444083
120 -0.5337041765307269 0.2118816372929596 0.8186977609177357
121 -0.5250988872053622 0.2242328186492608 0.8209694279912608
122 -0.4989414760942005 0.24574700617754114 0.8310630616191022
123 -0.5023508705091202 0.2641329900862558 0.8233330835371689
124 -0.47726732971811536 0.25489930102608854 0.8409769570684749
125 -0.4720203818819534 0.2611224023952566 0.8420284140427474
126 -0.4536472488208665 0.25741586229050056 0.8531947301047381
127 -0.43017438161942567 0.2822460788527274 0.8574888642837323
128 -0.441391713575626 0.2818026425902069 0.8519158560655793
129 -0.3876000791411819 0.3130824295137647 0.8670326239418605
130 -0.3851310194158891 0.31067121634124123 0.8689979822880669
131 -0.3657661852338172 0.32310255092792683 0.8728229140686942
132 -0.34135292655704247 0.3324616318187399 0.8791742960865967
133 -0.32463784459130046 0.3341293120981239 0.88485471838938
134 -0.3116836872624966 0.33901494517657355 0.8876497879464507
135 -0.2841458901941105 0.3446612285263673 0.8946897510514423
136 -0.25260068399816393 0.37999952066151554 0.889827656763195
137 -0.24795200774195503 0.3731238665456834 0.8940348886205353
138 -0.21719579263791478 0.37996193368883757 0.8991412106047787
139 -0.1737723026054907 0.389806824900578 0.9043527111189064
140 -0.17358500693772272 0.37363171440912457 0.9111902037193603
141 -0.1566453724917094 0.39384438932608834 0.905731099318829
142 -0.1273324844039051 0.3974646579996983 0.9087399430291991
143 -0.09729335995558433 0.40151529152759224 0.9106697934916175
144 -0.08026562469575871 0.40274371622660776 0.9117866683233425
145 -0.06596978917828766 0.40468239509829157 0.9120746384004341
146 -0.033503215333864134 0.4007162116049689 0.9155894562079963
147 -0.026620574026448518 0.39583709690602137 0.9179348221695892
148 -0.004432725006916126 0.37827065407751304 0.9256844296048102
149 0.027716394710331327 0.4006067565402909 0.9158307857232849
