0.0 0.00302539678923619 0.013811237916497937 0.9999000433450743
0.006666666666666667 0.004817604102318851 -0.017015421994242996 0.9998436208253123
0.013333333333333334 0.0007340523471384142 -0.022800947836863372 0.9997397551087442
0.02 0.0005485908244784454 -0.043732921610953046 0.999043107486097
0.02666666666666667 0.004566421764847117 -0.057673119983750076 0.9983250768279865
0.03333333333333333 0.0050349223875382765 -0.08527271552188143 0.9963449269926936
0.04 0.005380835998311628 -0.09555328958198336 0.9954097726333722
0.04666666666666667 -0.00013890127601856594 -0.11267238898205556 0.9936321821818735
0.05333333333333334 0.0007379567612038063 -0.12929517248327865 0.991605876239314
0.06 0.003934538737716431 -0.1466459875573038 0.9891812138017302
0.06666666666666667 0.0008523508150075632 -0.1655328705286292 0.986203905017943
0.07333333333333333 0.011142159812433328 -0.18811673127835138 0.9820834728717631
0.08 0.0009041523867351353 -0.20365869289384964 0.979041530946073
0.08666666666666667 0.00681853411787503 -0.21591583328123798 0.9763881710318659
0.09333333333333334 0.006232261719656629 -0.2311163096919861 0.9729061672680546
0.1 0.005006062517640686 -0.2468826216696529 0.9690324609916784
0.10666666666666667 0.002365576321330942 -0.25605611113197924 0.9666590257172564
0.11333333333333333 0.003145889606188834 -0.2748985932809984 0.9614680789244716
0.12 0.009500959644914653 -0.28364751668551735 0.9588815453662487
0.12666666666666668 0.004036675106509402 -0.2949625751182818 0.9555002797140755
0.13333333333333333 0.003936237798584152 -0.31483119178096686 0.9491395190980985
0.14 0.0033458030098961755 -0.3200557585142053 0.9473927997637072
0.14666666666666667 0.004049042589253149 -0.34016329572681214 0.9403576646650909
0.15333333333333332 0.0037204038508416026 -0.33929443841063933 0.9406728669727833
0.16 0.0003800902455273203 -0.356124520157197 0.934438431184319
0.16666666666666666 0.0051395841942933895 -0.3584381690003795 0.9335393209061766
0.17333333333333334 0.0021482191454351707 -0.37516990967132857 0.926953571669968
0.18 -0.0027206892750213096 -0.37991821154879835 0.9250160811485559
0.18666666666666668 0.0025222057051200453 -0.38831620439637643 0.9215227419231568
0.19333333333333333 -0.003400773539195323 -0.38501114627114186 0.9229056571428722
0.2 0.002625018188006867 -0.3934578504406462 0.9193389087850785
0.20666666666666667 0.003304958857166973 -0.4113059475022635 0.9114913574994651
0.21333333333333335 0.0020476136581358273 -0.4025024865917748 0.915416602190361
0.22 0.002070349409515615 -0.41328884322627 0.910597631074238
0.22666666666666666 -0.0011168168911588339 -0.4124212194945821 0.9109925852775275
0.23333333333333334 0.005453880924552901 -0.41442991810672714 0.9100648867860537
0.24 0.005643697598338215 -0.42789454982823016 0.9038110438054598
0.24666666666666667 -0.000971355781189398 -0.4290723628601727 0.9032695964647178
0.25333333333333335 -0.001358586501392256 -0.4124499280207088 0.9109792594337316
0.26 -0.0033874294031226437 -0.4225387740521858 0.9063385182946352
0.26666666666666666 -0.003246790039941362 -0.418930823896308 0.9080123474622999
0.2733333333333333 -0.004127866671234437 -0.4126053283272627 0.9109005454783177
0.28 -0.0020035487414592212 -0.40836906964658815 0.9128147066893809
0.2866666666666667 -0.0023897383297034613 -0.41065881186047093 0.9117859559085465
0.29333333333333333 -0.0033194378699550886 -0.3997336666578037 0.9166253198949583
0.3 -0.005378321505146527 -0.3951463938239923 0.9186024173197466
0.30666666666666664 -0.006028043567001096 -0.39422089885653006 0.9189959442758732
0.31333333333333335 0.0001775922788647133 -0.38547505859025577 0.9227182385028604
0.32 -0.00751514850042867 -0.3741312177440752 0.9273453264304251
0.32666666666666666 -0.003836898198046279 -0.35995436277437803 0.9329620222345119
0.3333333333333333 -0.004946350855174253 -0.3586411431621511 0.9334624063370538
0.34 -0.005560557195110505 -0.3434998235485811 0.9391362794748022
0.3466666666666667 -0.0014646577749816703 -0.3293696002796117 0.9441999370839055
0.35333333333333333 -0.004845950052201675 -0.32516744619884486 0.9456440391080637
0.36 -0.005428972834635504 -0.3089872081224828 0.9510506986857399
0.36666666666666664 -0.0064644062729970475 -0.2953127848262189 0.9553787576504519
0.37333333333333335 -0.005894501857247159 -0.27859894232065613 0.9603894440203238
0.38 -0.012385987543336141 -0.2635568062108934 0.9645643561797674
0.38666666666666666 -0.005239865996675475 -0.26416423802442623 0.9644634773558359
0.3933333333333333 -0.0012092423235310693 -0.24570282343254823 0.9693444487334094
0.4 -0.004602380786709048 -0.2297157823659488 0.9732468738316576
0.4066666666666667 -0.005822858702135331 -0.21477348311754207 0.9766465303609563
0.41333333333333333 0.0027631787844371036 -0.20187912299294566 0.9794065471205533
0.42 -0.005030072858167145 -0.18421896430617096 0.9828723577133519
0.4266666666666667 -0.0004417882852435495 -0.1651414988367596 0.9862697857001702
0.43333333333333335 -0.006212670526045266 -0.15850691880530482 0.987338320645858
0.44 0.0008728754592908228 -0.13469435337170488 0.9908868095086396
0.44666666666666666 -0.0032398858317687074 -0.1208525799453982 0.9926651787286277
0.4533333333333333 -0.0014388775789813124 -0.10862176302379187 0.9940821104058338
0.46 -0.0003033370512343092 -0.09406629875202643 0.9955658890428739
0.4666666666666667 -0.003029950511297952 -0.07316352878896122 0.9973153550683185
0.47333333333333333 0.0017535086481159715 -0.05477188527032684 0.9984973539230615
0.48 0.0008098990083700297 -0.036762904844936606 0.9993236877463474
0.4866666666666667 0.000989477965222585 -0.023787492694274617 0.9997165478897886
0.49333333333333335 -9.270749361334207e-05 0.005744912128894164 0.9999834935587443
0.5 -0.00048494959679111493 0.025412859108453145 0.9996769235187049
0.5066666666666667 0.0013700025478515787 0.03296780138000788 0.9994554753290352
0.5133333333333333 0.003313330968394923 0.05679291466958136 0.9983804819212102
0.52 0.0006195587480452569 0.07661415343039057 0.9970606238544887
0.5266666666666666 0.003680763203534887 0.09364664012474144 0.9955986936389517
0.5333333333333333 0.005676699653981876 0.1173739425430225 0.9930715647388895
0.54 0.0026543589972688464 0.12362209163006294 0.9923258198995539
0.5466666666666666 0.005574919053878025 0.15320096388688842 0.9881793283314882
0.5533333333333333 0.0063444756227236665 0.16438770927204588 0.9863753994648095
0.56 0.0017362096947377559 0.19139346723345285 0.9815118574302879
0.5666666666666667 0.00285561218760344 0.2024387562072964 0.9792907614515093
0.5733333333333334 0.004434081447983185 0.22463471132231516 0.9744329558214113
0.58 0.004345959344926431 0.2279503100324326 0.9736630673870146
0.5866666666666667 0.002353923878307018 0.25378151197425347 0.9672587054260285
0.5933333333333334 0.006743178446876552 0.2723055991064687 0.9621871908520194
0.6 0.004325534515107393 0.2722486332001455 0.9622172163663523
0.6066666666666667 0.008975178135475326 0.291589843081012 0.9565013379966738
0.6133333333333333 0.003019608469274959 0.30870356472009564 0.951153505536198
0.62 0.004422787981471887 0.31242468607129426 0.94993223678309
0.6266666666666667 0.006277991170740793 0.32228611158122744 0.9466214919959894
0.6333333333333333 -0.0009444685302788525 0.3497825753356506 0.9368304318129056
0.64 0.003085625855072882 0.3551935650916739 0.934787681899237
0.6466666666666666 0.003452149115044878 0.3613566959050295 0.9324212679851784
0.6533333333333333 0.0023300362991850454 0.3793626941652408 0.9252451119603574
0.66 0.008057623401336644 0.38737850381049976 0.9218855511887908
0.6666666666666666 0.006397119679963703 0.3920852137954367 0.919906659386042
0.6733333333333333 0.00745824319344901 0.4003739692826632 0.9163214825209067
0.68 0.004544837086407183 0.4074096923717651 0.9132341906747699
0.6866666666666666 0.004927747626131296 0.42126425407469426 0.9069245533903163
0.6933333333333334 0.00833969017800501 0.4162956172526771 0.9091910737704958
0.7 0.00580672413918959 0.4301192271120345 0.9027534172869782
0.7066666666666667 -0.0007175321839482662 0.4285646312660293 0.9035108422013414
0.7133333333333334 0.002899603231896808 0.4358932188439015 0.8999937189041932
0.72 0.006396077708302805 0.4402319425386 0.8978613071954042
0.7266666666666667 0.0005833182459748076 0.44693850917369116 0.8945644911114135
0.7333333333333333 -0.004849250487531764 0.4472316126051453 0.8944050365781213
0.74 -0.00011650037003890779 0.4542262734974969 0.8908863445424682
0.7466666666666667 0.005883517734811772 0.45590958932807807 0.8900066463671871
0.7533333333333333 0.005224305237799265 0.45522411005063396 0.8903615649068588
0.76 0.0024116841357290086 0.44865967502649473 0.8936994348128176
0.7666666666666667 -0.0037305901294663046 0.4529441298189183 0.8915310975843009
0.7733333333333333 0.001337839176633604 0.4497669325405175 0.8931449583239167
0.78 0.003057015777432226 0.4374401537103928 0.8992423291729346
0.7866666666666666 0.0007411773081423823 0.43629649649348745 0.8998026549214589
0.7933333333333333 -0.00537182408320136 0.4307308166811127 0.9024644630495103
0.8 -0.006484908428334268 0.42186304051548834 0.9066363775018648
0.8066666666666666 0.0007034159883260171 0.42243347485242566 0.9063936586991614
0.8133333333333334 -0.0012914361720413603 0.4129702846301255 0.910743584223972
0.82 -0.00016050567197889443 0.40282636053417953 0.915276404971043
0.8266666666666667 -0.0014767831808462084 0.3942790488696254 0.9189895814066122
0.8333333333333334 -0.0011114056920733528 0.3824309966231467 0.9239833859973968
0.84 -0.0023825953331086946 0.3791522856157191 0.9253312204566828
0.8466666666666667 -0.004088386102997332 0.36119504579483663 0.9324813263504734
0.8533333333333334 -0.003444610447833618 0.3439182028506059 0.9389932930574493
0.86 -0.0027490935346080603 0.34673164577922816 0.9379603447374341
0.8666666666666667 -0.008648513416378845 0.3291438514610485 0.9442401856842747
0.8733333333333333 -0.002498249740579217 0.3213821106861958 0.9469463013704207
0.88 -0.002271388852214118 0.2933719429417354 0.9559956819396587
0.8866666666666667 -0.00662626462478183 0.2883557663384706 0.9575004149536834
0.8933333333333333 -0.003559170262446343 0.2820757271222061 0.9593855411019712
0.9 -0.009394538920903917 0.2594869131462667 0.965700929141256
0.9066666666666666 -0.002383326653511708 0.25125523061340216 0.9679179349735539
0.9133333333333333 -0.005071685405095061 0.23177956903231417 0.972755112752612
0.92 -0.0002908776441833405 0.21295559835162378 0.977061834543187
0.9266666666666666 -0.004266681941565098 0.20238726177711663 0.9792962737065686
0.9333333333333333 0.0009646319602556463 0.17915343485365193 0.9838206728186389
0.94 0.0003504543107816227 0.1665151093993421 0.9860388407783444
0.9466666666666667 -0.001648574366501343 0.15695782800350522 0.9876039299390118
0.9533333333333334 0.0017733048590472533 0.13739989257384908 0.990514071031084
0.96 0.002069746856576571 0.11131253544951275 0.99378329408365
0.9666666666666667 -0.002206997208062389 0.09879686374867697 0.9951051747814141
0.9733333333333334 0.0014491216291965259 0.0862620789652311 0.9962714257566059
0.98 -0.0015230523153761943 0.05814479128294259 0.9983069986523724
0.9866666666666667 0.0010172573589913025 0.046862051769263835 0.9989008525831978
0.9933333333333333 0.0018986300589315108 0.029842406765760887 0.9995528129930532
