0.0 0.021370108571698743 -0.01779941903412985 0.9996131747539551
0.006666666666666667 0.015985398920371152 -0.02770834679934664 0.9994882263133487
0.013333333333333334 0.010225641840735156 -0.03661706935174602 0.9992770519135495
0.02 0.019235451265987247 -0.06539493589939788 0.9976740448529808
0.02666666666666667 0.018209440369712393 -0.06896886946639841 0.9974526110677884
0.03333333333333333 0.012053312706714892 -0.08372989348376148 0.99641558728775
0.04 0.009188688704106274 -0.09989986743252438 0.9949550665667588
0.04666666666666667 0.020055486651116672 -0.11297715162710487 0.9933951583662027
0.05333333333333334 0.007612044117112915 -0.12278206703902511 0.9924044643178419
0.06 0.009963105972778719 -0.1304940827483217 0.9913990270759043
0.06666666666666667 0.014756088314396731 -0.15179899200757985 0.9883012313475792
0.07333333333333333 0.009884482320892507 -0.16619616685842242 0.986043168999621
0.08 0.006948087000718223 -0.1782986988147306 0.9839518779330646
0.08666666666666667 -0.0017238742732076373 -0.1791407803060348 0.9838219397273243
0.09333333333333334 -0.00032596939202633735 -0.1951596934440067 0.9807714248482144
0.1 -0.000606437686043515 -0.20232105947695234 0.9793190599214622
0.10666666666666667 -0.0008998528731050115 -0.21586091862444512 0.976423706223593
0.11333333333333333 -0.003134419555856194 -0.22256080209746265 0.974913772999326
0.12 -0.003169145295951914 -0.23929279675258652 0.9709422814670388
0.12666666666666668 0.0009179559712009233 -0.24479308511760905 0.9695749083157206
0.13333333333333333 0.0008669684285079193 -0.25215090130583384 0.9676875380702181
0.14 -0.008595380453089607 -0.2707957951224028 0.9625984400459476
0.14666666666666667 -0.002995898110169537 -0.2728770995799885 0.9620442365709212
0.15333333333333332 -0.009111557797116476 -0.27663620323301574 0.9609315223132873
0.16 -0.007568777683845673 -0.29190698876331556 0.9564167624605429
0.16666666666666666 -0.0039011231299408144 -0.29501344951263675 0.95548513638098
0.17333333333333334 -0.003116503935008952 -0.3023350011094781 0.9531966400000347
0.18 -0.009655091100838703 -0.3057598709498225 0.9520597042899057
0.18666666666666668 -0.00998451394345981 -0.31129799906910394 0.9502598935327556
0.19333333333333333 -0.008379581640149625 -0.3220597726380473 0.9466822515817357
0.2 -0.01116985191707276 -0.3219188970054502 0.9467013563732467
0.20666666666666667 -0.010721748953821941 -0.3278298417374141 0.9446759438907045
0.21333333333333335 -0.005054215995936084 -0.33372511345340694 0.942656885378332
0.22 -0.008344448394187909 -0.3325496737057254 0.9430488241333067
0.22666666666666666 -0.0204379494376411 -0.3385739235533604 0.9407178049300798
0.23333333333333334 -0.017374432874638135 -0.3302964486363206 0.9437173226663369
0.24 -0.008418449471401357 -0.3416886754782086 0.9397754938060712
0.24666666666666667 -0.018214594264330475 -0.3402312701527648 0.9401653638408632
0.25333333333333335 -0.01869652798354593 -0.3406672790809839 0.9399980025536863
0.26 -0.019152445651316796 -0.34039881465657335 0.9400860762749194
0.26666666666666666 -0.01619313347425918 -0.3348886480611294 0.9421185572039616
0.2733333333333333 -0.026010167797857364 -0.33081163026536853 0.9433382937484815
0.28 -0.02126636803312293 -0.33396758012648875 0.9423446275196444
0.2866666666666667 -0.013186726227433776 -0.32943141538818277 0.9440874179898496
0.29333333333333333 -0.017867805265400993 -0.3286791509105722 0.9442726075089245
0.3 -0.018807165733886605 -0.31722868852137065 0.9481625650151294
0.30666666666666664 -0.016896855353705442 -0.3140121396074845 0.9492685986896893
0.31333333333333335 -0.023881051587212765 -0.3069438554922631 0.9514279609884466
0.32 -0.021101439056884108 -0.30085732667929727 0.9534356812355592
0.32666666666666666 -0.025889721036184365 -0.29420875011568604 0.9553904613821693
0.3333333333333333 -0.023249104495360717 -0.2866177708057889 0.9577628791086468
0.34 -0.014059878787375801 -0.28508015519428376 0.9584005555731319
0.3466666666666667 -0.022634740429684497 -0.2739173406269021 0.9614868480793516
0.35333333333333333 -0.026378279933739535 -0.2602232893868278 0.9651880780492664
0.36 -0.023065459304775104 -0.24797185611569061 0.9684926138910916
0.36666666666666664 -0.014943367697173207 -0.24832972725762453 0.9685602935914833
0.37333333333333335 -0.008723839865322769 -0.23597305710360295 0.9717204386752314
0.38 -0.022401167479227824 -0.22961806880289626 0.9730229854298382
0.38666666666666666 -0.027063119800273483 -0.2157662466463226 0.9760699331271477
0.3933333333333333 -0.022495758540532325 -0.20773962825446235 0.9779254509932666
0.4 -0.019651986454768067 -0.19801956049101244 0.9800010474950154
0.4066666666666667 -0.007928091208782293 -0.18574433701563065 0.9825661232896282
0.41333333333333333 -0.023184801762551333 -0.17151942032516473 0.9849078908296709
0.42 -0.013357911527022592 -0.16236710416382066 0.9866400000431218
0.4266666666666667 -0.016991865494120684 -0.1503223999941538 0.988490997716735
0.43333333333333335 -0.014959362196575787 -0.13483345996668772 0.9907553459639183
0.44 -0.01597488735571717 -0.12097769023606231 0.9925266754294919
0.44666666666666666 -0.017010376241452962 -0.11671659910626135 0.9930195781520085
0.4533333333333333 -0.0179289058410238 -0.09722104373450827 0.9951013129277427
0.46 -0.018977535782165433 -0.0848692809473181 0.9962113522175512
0.4666666666666667 -0.011806973457081704 -0.06954107371981838 0.9975092152174228
0.47333333333333333 -0.01200485973462407 -0.0633606539290954 0.9979184890943893
0.48 -0.018611654136473033 -0.041901010285092855 0.9989484029054714
0.4866666666666667 -0.021481473664005657 -0.035854505998079045 0.9991261185099988
0.49333333333333335 -0.015209650270629371 -0.010847648471015714 0.9998254823024341
0.5 -0.008073773325389015 -0.007508053860364683 0.9999392198086445
0.5066666666666667 -0.013200421591151756 0.015808331883540805 0.9997879002632888
0.5133333333333333 -0.010068583501920303 0.02262918974495831 0.9996932246433158
0.52 -0.009240309663096406 0.03696262549018958 0.9992739269060319
0.5266666666666666 -0.019561730714254766 0.052801588696339885 0.998413406822347
0.5333333333333333 -0.0097634164213376 0.07103509576873854 0.9974260327808322
0.54 -0.015567035947175845 0.07589229300408973 0.9969944971033693
0.5466666666666666 -0.010481538701744286 0.09184033945081849 0.9957185794168965
0.5533333333333333 -0.0009527500207405781 0.10607425258988673 0.9943577551389111
0.56 -0.00020704047608144371 0.11872474843833158 0.9929271832528792
0.5666666666666667 -0.012419856795713669 0.13245550116559657 0.9911111377480052
0.5733333333333334 -0.00393667812440035 0.14711818568824808 0.9891110867870926
0.58 0.00460000528564497 0.15678820252593528 0.9876215365716052
0.5866666666666667 0.0039027680997256176 0.16243397459514153 0.9867116966461807
0.5933333333333334 -0.005558387762028882 0.17967464525340326 0.9837103873491174
0.6 0.005909025804213708 0.19047662282093503 0.9816739476897494
0.6066666666666667 0.0071198736198404555 0.2037461631043045 0.9789978592519555
0.6133333333333333 0.010687542175793596 0.2114265605304797 0.9773354521066412
0.62 0.008514890575277656 0.2298763418578772 0.9731825954529452
0.6266666666666667 0.010205451465917448 0.23318806593105096 0.9723781027294438
0.6333333333333333 0.0068130397152399436 0.23461330559733012 0.9720649048939748
0.64 0.011186145751573617 0.25210851621908315 0.9676343142908049
0.6466666666666666 0.013514508347990506 0.2609091068274646 0.9652687688092921
0.6533333333333333 0.009110286629073927 0.26585286310189216 0.9639705689791896
0.66 0.01431089770288796 0.2706358587804861 0.9625754153047367
0.6666666666666666 0.014801367343789174 0.2748646435700044 0.9613689964003872
0.6733333333333333 0.02320513524841694 0.2886180080606844 0.9571630828240218
0.68 0.017712973993310177 0.29240534851515537 0.9561304109335937
0.6866666666666666 0.012440151046242687 0.29785484776954596 0.9545301107362341
0.6933333333333334 0.02040785490505459 0.30354548556445027 0.9525983716402293
0.7 0.012500448941240583 0.2954963412600853 0.9552620850207401
0.7066666666666667 0.017316578969486573 0.31599107003732546 0.9486041217227867
0.7133333333333334 0.018142753477579265 0.31528509114038084 0.9488235619970941
0.72 0.018363096174058402 0.3126332925144536 0.9496963836460965
0.7266666666666667 0.020964636665939368 0.31298555189418054 0.9495264758367512
0.7333333333333333 0.013224209144910848 0.32151177413596516 0.9468132336339812
0.74 0.012957463817585668 0.3218908253031527 0.9466881222013253
0.7466666666666667 0.022638210090353494 0.31208698270013113 0.9497837789060378
0.7533333333333333 0.015195237329651334 0.3281464600363268 0.9445046349955744
0.76 0.015282996202848231 0.3286844260513747 0.9443161430889244
0.7666666666666667 0.013698386662548745 0.3158469738462919 0.9487112539202762
0.7733333333333333 0.01378376681068802 0.3160483948334588 0.9486429359330638
0.78 0.02113862617474882 0.31316113360282716 0.9494647244021424
0.7866666666666666 0.01711020571251498 0.30942244901527194 0.9507707341446027
0.7933333333333333 0.02223060124729559 0.31037828421640445 0.9503531559662777
0.8 0.02524838293690823 0.3010976765282644 0.9532589933215171
0.8066666666666666 0.01746677706067523 0.3055756621331359 0.9520075768663858
0.8133333333333334 0.014851086676898828 0.2933193054057914 0.9558991737106897
0.82 0.01748638573588157 0.2925771059677502 0.956082037995397
0.8266666666666667 0.019736421394964565 0.28801248946642966 0.9574232499693491
0.8333333333333334 0.03650601845798418 0.27307687404458925 0.9612992933932597
0.84 0.009902649938527408 0.2659167277984008 0.9639451392071994
0.8466666666666667 0.019370735558155716 0.2536116215857993 0.9671121548199866
0.8533333333333334 0.021046238278465856 0.2519650379013899 0.9675074550253745
0.86 0.028489686803282677 0.2544871270786613 0.9666564228810048
0.8666666666666667 0.01451170253119377 0.2321734960289267 0.972566130518307
0.8733333333333333 0.02207293007669009 0.22628389472487492 0.9738112675184918
0.88 0.017550758054409532 0.21459917204207146 0.9765445029544602
0.8866666666666667 0.014689223076986224 0.20629116708756146 0.9783803867142096
0.8933333333333333 0.019477280035109013 0.19144166279388092 0.9813107180241885
0.9 0.022078004533768125 0.18347232780392875 0.9827769160119778
0.9066666666666666 0.013435682013573813 0.17610349204402231 0.9842799614635721
0.9133333333333333 0.024320322639477143 0.16100451471281696 0.9866539758946913
0.92 0.025480677342917146 0.14448176513882746 0.9891793339048864
0.9266666666666666 0.021557100834882603 0.1343952350283959 0.9906932987586307
0.9333333333333333 0.01921973169971891 0.12205060365316228 0.9923377711552099
0.94 0.004577235979874916 0.10690553042356687 0.9942586466687834
0.9466666666666667 0.015751101975316373 0.09334828123726735 0.995508915669072
0.9533333333333334 0.017429505689087743 0.08916905298582622 0.995863992883087
0.96 0.020457861621244633 0.06783802015039925 0.9974865808219981
0.9666666666666667 0.019562672956566995 0.05573438146677162 0.9982539659572163
0.9733333333333334 0.024587973272893304 0.03555317207554571 0.9990652648979939
0.98 0.028988810647907343 0.024227763860175444 0.9992860773149778
0.9866666666666667 0.017496102679023184 0.00046161659807242295 0.9998468249192781
0.9933333333333333 0.018316805786278853 -0.00424480703440433 0.999823222494371
