0.0 0.0020211571122505934 0.05092586721088484 0.99870039099459
0.006666666666666667 -0.0037824433893942078 0.04517589445186365 0.9989718873334127
0.013333333333333334 -0.001281098521903723 0.04100107660191978 0.9991582810065983
0.02 0.001154317119304138 0.033414347476328876 0.9994409181811196
0.02666666666666667 -0.007335503376311503 0.01992555088080622 0.999774555993656
0.03333333333333333 -0.0006293763714997486 0.024255591589944503 0.9997055917428914
0.04 0.00043342318721073525 0.018600117964434726 0.9998269088977599
0.04666666666666667 0.0038092475076172416 0.010593843737420894 0.9999366280461439
0.05333333333333334 -0.003676141011021594 0.0004361175409920426 0.9999931478709029
0.06 0.0036712584807374604 -0.007623339925821315 0.9999642026340456
0.06666666666666667 -0.004434206022614129 -0.008360835535867361 0.9999552161202473
0.07333333333333333 -0.005379180871210032 -0.011171628977396209 0.999923126604814
0.08 -0.0032666494138627877 -0.01948678107756674 0.9998047781266309
0.08666666666666667 0.0001608850782485738 -0.029033110792547223 0.9995784374393535
0.09333333333333334 -0.010200485435904294 -0.035689035840923644 0.9993108839683559
0.1 -0.0017436014786639253 -0.037496522698291956 0.9992952369742487
0.10666666666666667 -0.002268212069658465 -0.03925694937869506 0.9992265744762225
0.11333333333333333 -0.00349700067262923 -0.03770080793695785 0.999282952955366
0.12 -0.0017743642057422848 -0.050304689498808175 0.9987323414439394
0.12666666666666668 -0.004325251543671027 -0.06874461009565833 0.9976249148762675
0.13333333333333333 -0.0068427551914044815 -0.06913055179256122 0.9975841535982047
0.14 -0.001104644369887775 -0.061329071234562216 0.9981169895269402
0.14666666666666667 0.0009057620522230359 -0.07813098747026226 0.9969426906257082
0.15333333333333332 -0.0009935886431180485 -0.08259029336887769 0.9965830904760782
0.16 -0.0009790567622134927 -0.08500384192076516 0.9963801424690106
0.16666666666666666 0.0009688898054661665 -0.08876949850786559 0.9960517242529161
0.17333333333333334 0.0007529305898917316 -0.09417584499670673 0.9955552939514125
0.18 -0.004693373890986785 -0.10850015674416436 0.9940853525869955
0.18666666666666668 0.0004488745490215315 -0.10626046754986698 0.9943382279424455
0.19333333333333333 -0.0037588008160311936 -0.0926985363218858 0.9956871259488123
0.2 -0.0006507792265761925 -0.09994439694256979 0.9949928110324138
0.20666666666666667 0.002219732521955009 -0.1096151568751359 0.993971624429375
0.21333333333333335 -0.005388930027282052 -0.10830577145868887 0.994103022479008
0.22 -0.00035972332331021817 -0.11424504989434103 0.993452534937513
0.22666666666666666 -0.004340487677376936 -0.11471066906989325 0.9933894616756618
0.23333333333333334 -0.0012638318434232687 -0.10792033286813449 0.9941587420943914
0.24 -0.002747681272088076 -0.12781061375787062 0.9917947858596874
0.24666666666666667 0.00019040230918399015 -0.12844838352094234 0.9917161774004783
0.25333333333333335 -0.003376547647240047 -0.11877427259887462 0.9929155407659779
0.26 -0.006127999341990542 -0.10568325031163073 0.9943809623216012
0.26666666666666666 -0.00027010999184540196 -0.1181920851944465 0.9929907139736913
0.2733333333333333 -0.0029724949536439685 -0.11793109313943295 0.9930173319457666
0.28 -0.0068070253619440385 -0.1147249870812801 0.993373968727247
0.2866666666666667 -0.004255716336005855 -0.1201672284725232 0.9927445422059492
0.29333333333333333 -0.004094824471762681 -0.10694411673721485 0.9942566008369482
0.3 0.003028065711679462 -0.10749995202063722 0.9942004783410671
0.30666666666666664 -0.004967232101261709 -0.1164458991067091 0.99318461485591
0.31333333333333335 1.9874538015718368e-05 -0.10463719644733271 0.9945104608422403
0.32 -0.001810614461379867 -0.10225211109307408 0.9947568685122421
0.32666666666666666 -0.005337813531466173 -0.10111271969288083 0.9948606564052135
0.3333333333333333 -0.002260511430322798 -0.10192475108785293 0.9947895431716964
0.34 -0.0018591339330868983 -0.10232251506217582 0.9947495395989736
0.3466666666666667 -0.004910291910502629 -0.10019691374320272 0.9949555103167629
0.35333333333333333 -0.000921961577823982 -0.09377332877568112 0.9955931462184625
0.36 -0.005650306440861445 -0.09157932018072212 0.995781754277694
0.36666666666666664 -0.0012377178348299545 -0.09983214736772661 0.9950035228111058
0.37333333333333335 0.0019392601999624823 -0.08293441569574 0.9965531204923715
0.38 -0.0007381354503001591 -0.0866970983159272 0.9962344444455106
0.38666666666666666 -0.0005395174475224529 -0.07780491964783698 0.9969684565719807
0.3933333333333333 -0.005837996387508593 -0.0800752147360293 0.9967717280215959
0.4 0.00040439753902990483 -0.06652248443982167 0.9977848443059176
0.4066666666666667 0.0010021940423368125 -0.05626491011255427 0.998415372225973
0.41333333333333333 -0.0038170661309664677 -0.07170788734341893 0.9974183720480062
0.42 -0.0015076088496233098 -0.05810710516173996 0.9983092163479602
0.4266666666666667 -0.0010369101600283537 -0.0452580178093005 0.9989747927957404
0.43333333333333335 -0.004367716638866481 -0.053009517290683816 0.9985844551804173
0.44 0.0012485505662865881 -0.0473319883243295 0.9988784330451576
0.44666666666666666 0.0025586522277152857 -0.03439004652746852 0.9994052121129929
0.4533333333333333 -0.003661034937606056 -0.034299779955902665 0.9994048838774815
0.46 0.00014793390205253276 -0.02650103406162474 0.9996487749751036
0.4666666666666667 -0.0003308155775169075 -0.026139545153224142 0.9996582489732363
0.47333333333333333 0.0007032277693594935 -0.013719356757924905 0.9999056379083245
0.48 8.475441456713001e-05 -0.019834806708022845 0.9998032672778905
0.4866666666666667 0.005248888311703892 -0.007610475664445282 0.9999572640026432
0.49333333333333335 -0.0007967539094733134 0.0010094589656434172 0.9999991730875603
0.5 0.0009907655014625115 0.0060238548778451875 0.9999813656044456
0.5066666666666667 -0.0009002992500573292 0.0198276839571786 0.999803006801917
0.5133333333333333 0.00034562059868252504 0.010612887407466243 0.9999436219943993
0.52 -0.001527115106257415 0.032509451536127276 0.9994702614286592
0.5266666666666666 0.004504966143388134 0.032067713810278564 0.9994755459795048
0.5333333333333333 -0.002783331036719648 0.025414328139837017 0.9996731290744687
0.54 -0.0036248273866953395 0.04229917422033125 0.9990984138145225
0.5466666666666666 -0.0013025048983186238 0.04411404174681366 0.9990256527245688
0.5533333333333333 0.0034474934992512196 0.050071600991728804 0.9987396805788271
0.56 0.001876715105941118 0.057282253592155 0.9983562597408882
0.5666666666666667 0.004592938445928896 0.06676530204631065 0.9977581367040297
0.5733333333333334 0.00520408727359345 0.07713307976928507 0.9970072243875435
0.58 0.0009048093417113323 0.08287198516403627 0.996559790175696
0.5866666666666667 0.0015435669644752424 0.07871430060964202 0.9968960207968338
0.5933333333333334 -0.0007082478814778304 0.08370220103672799 0.9964905618853324
0.6 0.0010978111529305057 0.08914061474270996 0.9960184464225369
0.6066666666666667 -0.0007023155034110995 0.10208218199151364 0.9947757208902845
0.6133333333333333 0.001795399895817687 0.10983296505624396 0.9939484374584872
0.62 -0.0026425273297827623 0.1091047243734139 0.9940267482159182
0.6266666666666667 0.003423772490950161 0.11404779702684387 0.9934693642862139
0.6333333333333333 0.0003311959105061213 0.11675911104647724 0.9931602087764616
0.64 0.000877373486270483 0.12403082433652118 0.9922779776001122
0.6466666666666666 0.0024078427621113674 0.1310505366551531 0.9913727649757325
0.6533333333333333 -0.0020994917024846904 0.13462712101058605 0.9908941065638608
0.66 0.0037655680281424297 0.1309920714147132 0.991376264454575
0.6666666666666666 0.004013271277855224 0.13160777921130123 0.9912937436021271
0.6733333333333333 -0.0018571872776797504 0.13922656724891924 0.9902588115374171
0.68 -0.002938121335540389 0.15749476698020615 0.9875154509256392
0.6866666666666666 -0.0018315625012313985 0.14906997817480142 0.9888249526512607
0.6933333333333334 -0.00019638659913509549 0.15417525956389183 0.9880434963961406
0.7 -0.0017699641040413994 0.15367139099266225 0.9881204232366877
0.7066666666666667 -0.002872856219237163 0.1633588665652136 0.9865625309181737
0.7133333333333334 0.001934671696192547 0.17437588214233002 0.9846772612244643
0.72 0.002773592275309933 0.1617454676921833 0.9868286127119172
0.7266666666666667 -0.0011512416573005169 0.1709759071016781 0.9852745372907006
0.7333333333333333 0.0017421357853443231 0.17699569243320223 0.9842100841908688
0.74 0.0022716067459957467 0.16222801329936065 0.9867506835587874
0.7466666666666667 0.00580731924822564 0.17423298191387754 0.9846873326373948
0.7533333333333333 0.002864765750251075 0.17448216403642464 0.9846561671722585
0.76 0.0018418219921241819 0.17998906423592015 0.9836668869323737
0.7666666666666667 0.0011017582395914383 0.17832134114351572 0.9839716893394646
0.7733333333333333 -0.0031509530548446962 0.18277466322971536 0.9831497820658408
0.78 0.007109341447993023 0.16924271848262928 0.9855487605921817
0.7866666666666666 -0.0014516256119492255 0.1698360504413187 0.9854712622667272
0.7933333333333333 -0.0028037844169392697 0.17171424267313384 0.985142810792494
0.8 0.003173297898627749 0.17193386467903016 0.9851033835882304
0.8066666666666666 -0.003941703621052534 0.16785761950937206 0.9858033691082674
0.8133333333333334 0.0014393632489504427 0.17850367971412412 0.9839381914337684
0.82 -0.005958207751824651 0.17009500003896927 0.9854096562963692
0.8266666666666667 0.000627312608092595 0.17590364255115354 0.9844071896406117
0.8333333333333334 0.0005397380251493944 0.16126230975121014 0.9869114327722467
0.84 -0.0013285837360220987 0.16597036695145506 0.9861298454865137
0.8466666666666667 -0.0033406671812065136 0.16126806900474022 0.9869049852251568
0.8533333333333334 -0.005408501010569333 0.153467701972044 0.988138862998637
0.86 0.004363876521806975 0.15089949197605834 0.9885394781712414
0.8666666666666667 -0.0025158251975755386 0.15275972023870477 0.9882601572947113
0.8733333333333333 -0.0009592546609683561 0.14210309488652878 0.9898513980664807
0.88 0.007022718508325351 0.14753990633561442 0.9890311711282062
0.8866666666666667 -0.005047778068061004 0.1346912169396537 0.9908747630330944
0.8933333333333333 0.0042177872632302715 0.13957991082422194 0.990201827288207
0.9 -0.0034273436383526756 0.12754992136202858 0.9918262301815398
0.9066666666666666 0.0005907273305653105 0.13060733279787268 0.9914339996493196
0.9133333333333333 -0.004577605802333795 0.12089695344942236 0.9926545079592226
0.92 0.0011481330831601966 0.11302797429792341 0.9935911426822057
0.9266666666666666 -0.0017424002368123387 0.10797968185702256 0.9941515741311637
0.9333333333333333 -0.003287722544262045 0.09069585773743505 0.9958732109409023
0.94 0.0016611306508947932 0.09566313731598719 0.9954123792699303
0.9466666666666667 -0.0036677434668833664 0.09174167930671695 0.9957760852399726
0.9533333333333334 -0.0006304040900148578 0.08705731696594243 0.9962031048703743
0.96 0.0014075131920540107 0.07738405944461413 0.9970003642178307
0.9666666666666667 -0.004865956828574852 0.07403107111184104 0.997244063895181
0.9733333333333334 -0.0004439429875200407 0.08109035456235048 0.99670665559711
0.98 -0.0013577693429597804 0.06940401273482427 0.9975877101682419
0.9866666666666667 0.0006776590024323674 0.05573254412927586 0.9984455039225503
0.9933333333333333 -0.003982765419095924 0.057284264022492315 0.9983499640281548
