0 0.06580844559834431 0.5609514067404773 0.8252289184001063
1 0.09943366293725941 0.5522011389304842 0.8277601396774042
2 0.11800702818318554 0.5528311945767477 0.8248951518842977
3 0.14401809316019476 0.5459534930799959 0.8253445172994442
4 0.1676642456624392 0.5407535222796322 0.8243023285595017
5 0.18584526464018775 0.5430301145394878 0.8188893895478494
6 0.20955138805656764 0.5244588156466496 0.8252461247737424
7 0.22919416776364376 0.5116083389757263 0.828086312502283
8 0.2569570009818769 0.511278194184271 0.8201022544768859
9 0.27906642397550047 0.5021348912519744 0.8185245762937694
10 0.29481918893860826 0.4812679899449783 0.8255075818476182
11 0.3203336634481371 0.47837378730004454 0.8176459280679553
12 0.3377769022967327 0.4516809297363997 0.8257669780193956
13 0.3472623111438561 0.45533674898728393 0.8198032277813496
14 0.36997041109334405 0.42642748390328844 0.825397780398841
15 0.390310243666089 0.416592554570903 0.8210411421880194
16 0.4049936166412559 0.3968933526434198 0.8236843067020891
17 0.42510841363624663 0.38018789118682395 0.8214255925222868
18 0.4387839000733138 0.3662646228162607 0.8205601227879128
19 0.4557292363960904 0.3464267709112851 0.8199386290996513
20 0.46453444810577205 0.3317911308979161 0.8210495673103712
21 0.4829378339655284 0.3204775282334231 0.81490195877914
22 0.4870508029773116 0.29462107994697884 0.822179989156895
23 0.5005906378951408 0.28175679881329674 0.8185487887561862
24 0.5120496119432937 0.2645763522050524 0.8171930914799701
25 0.5194506817829401 0.23725230436362366 0.8209033641479303
26 0.5338198908839683 0.21925665518077508 0.8166779311672177
27 0.5367979502916511 0.20200514960708932 0.8191714595216922
28 0.5422971927298444 0.18158689886318546 0.8203291735142553
29 0.5465512632700209 0.1500612598722273 0.8238709455391082
30 0.5527184227479648 0.1314645137016458 0.8229334279224483
31 0.5613925210402784 0.11349238357301766 0.8197303923796869
32 0.5618162152647822 0.10023520788460177 0.8211671226771604
33 0.5708108602143425 0.07634984253814381 0.8175241057031672
34 0.5641034253555433 0.050011592422849804 0.8241881861113234
35 0.573224658289503 0.02982190959962172 0.8188553870108657
36 0.5644343647061184 0.00665733150105019 0.8254511056846948
37 0.5660690391706547 -0.009021850140674526 0.8243084672090002
38 0.5591360024189987 -0.03220283077066355 0.8284503053830433
39 0.5644843705884853 -0.06275712255190746 0.8230546390916744
40 0.5610449673604238 -0.06834341287440188 0.8249592247597578
41 0.5497733840953329 -0.09152597438942911 0.8302844224435568
42 0.5415844645645129 -0.12219881988380588 0.831717329482424
43 0.5436577903163251 -0.13383502758939025 0.8285676752194221
44 0.5335108490910643 -0.1699422933173523 0.828544380732964
45 0.524277216710683 -0.17318837820387123 0.8337500738789851
46 0.5160238237977025 -0.19797096993991573 0.8333828101984383
47 0.5013037365810508 -0.21499476380221152 0.8381359169177205
48 0.49737795285111663 -0.23197841657942123 0.8359432912936956
49 0.4812684105376661 -0.25592234992047946 0.8383820536185922
50 0.46746379337171795 -0.2811533796310011 0.8381111972814765
51 0.4535824035307097 -0.2927211241510038 0.8417703645787713
52 0.4357691427741388 -0.30830780750635733 0.8456072078905874
53 0.42229184258459107 -0.3230674586242511 0.8469338916731217
54 0.4030960796130608 -0.335028396694967 0.8516275735370367
55 0.38898176767626913 -0.35882113001421456 0.8484931237616291
56 0.37950118970026847 -0.3696762233670592 0.848126368469433
57 0.3622563940681809 -0.3889234827449899 0.8470589291933747
58 0.34014744915480416 -0.3989645094529877 0.8515439113929575
59 0.3253387234197494 -0.40556186393942245 0.8542097456489182
60 0.30645927115210625 -0.4131807860707027 0.8575338787167045
61 0.2823637761954524 -0.43173540144496414 0.8566651860743497
62 0.2601900460740283 -0.44087674511933994 0.8590278432838898
63 0.2410632724205346 -0.45104424092354706 0.8593297338156084
64 0.227471124905527 -0.45037677504214657 0.8633757280795251
65 0.20456899840703036 -0.4604270613345647 0.8638046342093569
66 0.17569881879505433 -0.4756798709858357 0.8618924442254507
67 0.16004700694294804 -0.47784860282956354 0.8637393520862865
68 0.1318395849007029 -0.47945769222721424 0.8676051205573674
69 0.10928546284449936 -0.4770492932191279 0.8720554222353033
70 0.09484681877042334 -0.486305086346113 0.8686261819465435
71 0.0668913401229263 -0.486652009501645 0.8710312108441178
72 0.05197846192224975 -0.49192035251070115 0.8690872259341664
73 0.03226111010460103 -0.4884116398330748 0.8720167950506372
74 0.018427365547448726 -0.47573174227559645 0.8793973741093417
75 -0.016405166181440306 -0.48404884676232596 0.8748871838532218
76 -0.04189088317496048 -0.48073308532728654 0.8758657742933731
77 -0.06250696590818455 -0.4773012240231015 0.8765137881168792
78 -0.06900413956040907 -0.47068883151620833 0.8795967556837816
79 -0.1023944558160067 -0.46080734768398873 0.8815735725046387
80 -0.13598188871527805 -0.456841670429187 0.8790930633902736
81 -0.14011518764991898 -0.45000816156341983 0.8819639384442763
82 -0.1584461261012502 -0.45254192721791486 0.8775537756932063
83 -0.18359440795078513 -0.4431496196492867 0.8774460142788805
84 -0.2031702598016324 -0.4235050844897127 0.8828166791262494
85 -0.2227094482621388 -0.41383108418342196 0.8826915290283165
86 -0.23744778049526793 -0.4032465289011621 0.8837481476456038
87 -0.26113416696358277 -0.39441261984124265 0.881049165571481
88 -0.28586748235160014 -0.37735325148235166 0.8808429520236027
89 -0.2899726914683405 -0.36854397522373383 0.8832277036692715
90 -0.30934456049529013 -0.34388219821900673 0.8865951593822512
91 -0.33751974591288164 -0.33445718871226227 0.8798970451351648
92 -0.34963476934679827 -0.323627374957624 0.8792160429847996
93 -0.36235095556946556 -0.3010355223915337 0.8820880904174778
94 -0.3812775781239577 -0.2830941206238622 0.880048366448192
95 -0.39556287822111125 -0.27358244112898816 0.8767454917359621
96 -0.3984951567690732 -0.2540682063890739 0.8812780245381311
97 -0.41528783643597955 -0.2384063250714879 0.8778943199920085
98 -0.4260987358532511 -0.21232168335283746 0.8794085342333667
99 -0.4377035295652266 -0.20775012059768277 0.874788836004319
100 -0.45005639811204623 -0.18216512958917203 0.8742225712484042
101 -0.45841162350427334 -0.16863768970138437 0.8725938992729414
102 -0.4632475655864181 -0.1425568641046937 0.874688077816826
103 -0.47763045129742054 -0.12221406073962754 0.8700188936747022
104 -0.4758346927805669 -0.10241242397222028 0.8735519678659975
105 -0.4864341147963025 -0.0896607132716365 0.8691046015629872
106 -0.4862476153443601 -0.07008258150192864 0.8710061356511496
107 -0.49403104702634937 -0.0448936382478482 0.8682844498313445
108 -0.5016205255198487 -0.030375470974803975 0.86455432399604
109 -0.497597493989571 -0.007814323943090451 0.8673728554183668
110 -0.4998294067128485 0.016649529973325722 0.8659638314252787
111 -0.5013928397496902 0.030397698200010925 0.8646856077164012
112 -0.5036636851461902 0.05295642743025242 0.8622751933453636
113 -0.4988014975241625 0.07923073198494679 0.863087224547312
114 -0.4968416472979301 0.0923946758634434 0.862908802471251
115 -0.4933763705190206 0.11304853700426898 0.8624382791218581
116 -0.4857930759458539 0.14443974392055647 0.8620569863641439
117 -0.4850053313108379 0.16828120778525912 0.8581673867646097
118 -0.4770480533055558 0.19363459254479665 0.8572810504189339
119 -0.4714992767828508 0.20879817932789796 0.8567915454196565
120 -0.4593008765869899 0.220494533303209 0.860479439353331
121 -0.4563109653458878 0.23472964178707456 0.8583019854174961
122 -0.44606269591705516 0.2653743679433485 0.8547540676416094
123 -0.4352282635870964 0.28271072789022034 0.8547812602711541
124 -0.42001465097720403 0.2982219226206915 0.8571180652820911
125 -0.41302792474663363 0.31848785390757145 0.8532135842172455
126 -0.39615833883879437 0.33006464438922417 0.8568056378740175
127 -0.3916413540667989 0.34879481563297776 0.8514453748610543
128 -0.3816223860883643 0.37133581834295437 0.8464479100640463
129 -0.3541235357031477 0.38563937793376996 0.8519852062377353
130 -0.3444119710314991 0.40518037326297457 0.8468820811262177
131 -0.3274978443937134 0.42103112605216364 0.8458592984726944
132 -0.3105742366407536 0.4388169200770651 0.8431982887726304
133 -0.2943859400862676 0.45015164942411556 0.8430304922126324
134 -0.2826077857473911 0.4607885053146875 0.8413125416899555
135 -0.25702403193987944 0.46192272342723567 0.8488616168651598
136 -0.23541627465094506 0.4887048706949343 0.840087332953258
137 -0.20605000036699583 0.49882272005942807 0.8418546735044444
138 -0.19274555334337629 0.5105681483588506 0.8379554388795213
139 -0.18271317609041338 0.5212103648242659 0.8336400007693426
140 -0.15903907483096869 0.523520940038239 0.8370378713166973
141 -0.13321116340179917 0.5399439718223706 0.8310928306981247
142 -0.11549530695996102 0.5385529745103423 0.8346385611246867
143 -0.09221275288115607 0.5476149575101988 0.8316337333930015
144 -0.06442075882920906 0.544405403901125 0.8363448583180996
145 -0.047446036982159656 0.5552508543321355 0.8303284665348534
146 -0.0236122930247904 0.5522532564499546 0.8333419468372707
147 0.0016233889695728143 0.55804084498481 0.8298118943091218
148 0.03363194558598107 0.5573576861558424 0.829591044984881
149 0.0492855042975584 0.557192384346783 0.8289195292017691
