0.0 -0.4581535824647973 -0.016236387135509345 0.8887247462558123
0.006666666666666667 -0.45753976637768745 -0.03571502987468356 0.8884716083387817
0.013333333333333334 -0.4541811727642893 -0.06078326698427433 0.8888334246421952
0.02 -0.4529483590568538 -0.07551909748483832 0.8883325109117527
0.02666666666666667 -0.45349474975481724 -0.0927286393201383 0.886421971407891
0.03333333333333333 -0.4485948647855378 -0.11945575838036304 0.8857160770121639
0.04 -0.4402865122272822 -0.1373355346842676 0.8872917998402338
0.04666666666666667 -0.4332321418031782 -0.1569009637816926 0.887520139981627
0.05333333333333334 -0.43361965048701845 -0.1734170162533888 0.8842513993120327
0.06 -0.42530583298350305 -0.1941002131619016 0.883990981673859
0.06666666666666667 -0.4159530144356143 -0.21240359351857951 0.8842328897085429
0.07333333333333333 -0.40853291494143007 -0.22966383759075096 0.8833772575250893
0.08 -0.39977694832183386 -0.2485774343279818 0.8822628013995599
0.08666666666666667 -0.39430481056739297 -0.26382208783286987 0.8802963264349786
0.09333333333333334 -0.38264886826855005 -0.2775671583920709 0.8812129800422532
0.1 -0.36898312395855737 -0.2951947234453959 0.8813123904063644
0.10666666666666667 -0.35442525694058796 -0.3131039808750178 0.8811064830103194
0.11333333333333333 -0.34616062266971737 -0.3275137657076347 0.8791516118309282
0.12 -0.32923106524436296 -0.3393748590286081 0.8811535681919325
0.12666666666666668 -0.32167441549110726 -0.3548077339865327 0.8778593522437387
0.13333333333333333 -0.3046087168503817 -0.3696275077547827 0.8778320084900939
0.14 -0.2931214069735857 -0.38288155770571086 0.8760602453842283
0.14666666666666667 -0.2672719798206592 -0.3982197737145723 0.8774888606845443
0.15333333333333332 -0.259479045863531 -0.411834523792327 0.8735347444552504
0.16 -0.24066340369313438 -0.4198410826654575 0.8751083312534124
0.16666666666666666 -0.22527503030016532 -0.4310980229382787 0.8737308826761054
0.17333333333333334 -0.20784552685930768 -0.43837191446812074 0.874431416161457
0.18 -0.1878505005570536 -0.4504052305242852 0.8728386550542031
0.18666666666666668 -0.17907756195128166 -0.4570061623922388 0.8712500182732299
0.19333333333333333 -0.15453481946835412 -0.4611727324965884 0.8737497927745184
0.2 -0.13962611811762915 -0.47339288548801683 0.8697147366284713
0.20666666666666667 -0.11482925058419247 -0.47933019396550625 0.870090115081917
0.21333333333333335 -0.09275782776827514 -0.4808404019368301 0.8718878903006616
0.22 -0.07857240529847087 -0.4936294777652894 0.8661156480556051
0.22666666666666666 -0.05703465215389249 -0.49619412492836346 0.8663362158193897
0.23333333333333334 -0.03398005204553567 -0.4939497772124183 0.868826204516637
0.24 -0.01385539049259954 -0.5010038983579055 0.8653341100317719
0.24666666666666667 0.00014923745661654664 -0.49808420034426704 0.8671286565992347
0.25333333333333335 0.021440305809957594 -0.4899071667780738 0.8715109185926798
0.26 0.040114275688707735 -0.4965360229473346 0.867088705267007
0.26666666666666666 0.05878208129670881 -0.4960253525261731 0.8663160604362088
0.2733333333333333 0.07718221453470475 -0.48993095317611557 0.8683378184090921
0.28 0.1004536361650753 -0.491029056021447 0.8653320363443741
0.2866666666666667 0.11499270548710161 -0.48294843195016407 0.8680653718249766
0.29333333333333333 0.13444659685317467 -0.48049793899707605 0.8666290112926996
0.3 0.15317712184462867 -0.4725728397774811 0.8678776874929108
0.30666666666666664 0.17574462939166408 -0.4640415952273975 0.8682045975107475
0.31333333333333335 0.19359756800523975 -0.4561056223637143 0.8686124814384523
0.32 0.21287639036811035 -0.4478388111069585 0.8684031561954101
0.32666666666666666 0.2303276396309369 -0.437883703891109 0.8690264899809701
0.3333333333333333 0.24355478130446867 -0.4296704264528839 0.8695196335537972
0.34 0.25878735222056815 -0.41942554514110664 0.8701214388887069
0.3466666666666667 0.27406752170828935 -0.4022940262980017 0.8735253344635284
0.35333333333333333 0.29088903800245935 -0.39313603698251615 0.872254334466551
0.36 0.30492229386977127 -0.3770989372558168 0.8745391850693315
0.36666666666666664 0.3226043271886422 -0.36094046133669067 0.8750133892971125
0.37333333333333335 0.33594137510419814 -0.35303876294378517 0.8732164819517682
0.38 0.34337019101574695 -0.3370313764507094 0.8766451752046265
0.38666666666666666 0.3618151699634438 -0.31563229252040614 0.8771921332881621
0.3933333333333333 0.37072395207772624 -0.3070057150752149 0.8765336515314328
0.4 0.39174399845454266 -0.2898449225138999 0.8732276682330666
0.4066666666666667 0.3911377340419925 -0.2734561150705753 0.8787679023149424
0.41333333333333333 0.3966700318865708 -0.25454799339012707 0.8819627003814656
0.42 0.412777121987446 -0.23798384920844395 0.8791920922527077
0.4266666666666667 0.4210121432835291 -0.21633746082822508 0.8808784696257509
0.43333333333333335 0.4296487999749593 -0.19941760331777988 0.8807011571282678
0.44 0.4377359300165265 -0.17859694660205372 0.8811869190115056
0.44666666666666666 0.4396939798754953 -0.15763445804879417 0.8842061873210968
0.4533333333333333 0.4485519688586823 -0.142680923345676 0.8822943303377992
0.46 0.4516339134324032 -0.12368572526145172 0.8835885069444265
0.4666666666666667 0.4588774654992544 -0.10580614624118234 0.8821771540198546
0.47333333333333333 0.4631538932056598 -0.08507635186377738 0.8821850631029697
0.48 0.46143163704929413 -0.0601611972362299 0.8851335914296279
0.4866666666666667 0.4601259760897358 -0.05155818965359005 0.8863553684652179
0.49333333333333335 0.46188190953675506 -0.015231243304092423 0.8868106398042891
0.5 0.4619041897405066 -0.004371836777783966 0.8869190529824886
0.5066666666666667 0.4644103174879215 0.01815249748687249 0.8854340990981527
0.5133333333333333 0.4610907256938039 0.03281996791017017 0.8867458443012496
0.52 0.45085617410334033 0.06218350330252714 0.8904279432890249
0.5266666666666666 0.4546410542530579 0.07251128499224668 0.8877182127997831
0.5333333333333333 0.44993422797828075 0.09097460708948762 0.8884158999919475
0.54 0.4462821900728092 0.11489920317970237 0.8874854251944011
0.5466666666666666 0.44179772647533777 0.13719121587096555 0.8865626538316788
0.5533333333333333 0.43329357847375294 0.15343783400514777 0.8880954374104275
0.56 0.4289336890657106 0.17904745899275454 0.8854139697411136
0.5666666666666667 0.4198633582028829 0.19255691277294362 0.8869253608855429
0.5733333333333334 0.4092009734232829 0.2092163466004182 0.88813460897806
0.58 0.39273176495940765 0.22985146480205412 0.8904662065009649
0.5866666666666667 0.39668523388287674 0.23657076029927993 0.8869470675247243
0.5933333333333334 0.3834687306015201 0.2638534787349831 0.8850610568826911
0.6 0.3799142390166025 0.2748024073644325 0.8832603284984266
0.6066666666666667 0.3554968212732389 0.29387152945510653 0.8872775970576174
0.6133333333333333 0.34583279894618024 0.31360025714578454 0.8843384837782129
0.62 0.34045814745572966 0.3163622811217403 0.8854395275310798
0.6266666666666667 0.3223797566658483 0.3335265011136062 0.8859070862945976
0.6333333333333333 0.309333576115867 0.3484134275788767 0.8848281314301145
0.64 0.29230791290322006 0.36142712537977484 0.8853962486332749
0.6466666666666666 0.27401244321206353 0.37695674123639644 0.8847716068010957
0.6533333333333333 0.2590684535129325 0.3947249238329339 0.881519013351103
0.66 0.24839312436498137 0.400348205538255 0.8820556502231036
0.6666666666666666 0.22548497886540364 0.4148999842841683 0.8814842751558678
0.6733333333333333 0.21310289869856888 0.4200312230625706 0.8821343016904108
0.68 0.1983168454428977 0.4271325704216226 0.8821724299129935
0.6866666666666666 0.17883138340974297 0.4432196222227883 0.8783938198692238
0.6933333333333334 0.15737177300463912 0.45029468096614655 0.8789020567474927
0.7 0.13709613402196663 0.4529296081349877 0.8809423477793071
0.7066666666666667 0.11813295008952185 0.46351905355107537 0.8781769144644272
0.7133333333333334 0.10540977018705122 0.4663032762860837 0.8783222841724886
0.72 0.08577777430190037 0.46847115822816243 0.8793048091214877
0.7266666666666667 0.06448306691749706 0.4755291524284548 0.8773334367682502
0.7333333333333333 0.04322510940381663 0.47058571970309837 0.881294882731396
0.74 0.02132304458922718 0.4783294536011683 0.8779215577641625
0.7466666666666667 0.006007088135253016 0.4767176860893676 0.8790359279698041
0.7533333333333333 -0.0142628162158015 0.48126189842538725 0.8764608132698158
0.76 -0.03617137517326485 0.47458903041042577 0.8794639752895889
0.7666666666666667 -0.05542846265368073 0.47223757425659874 0.8797268661283982
0.7733333333333333 -0.07261911162944279 0.4721303375286734 0.8785325315611319
0.78 -0.08684861644557462 0.4662895480381245 0.8803586628254937
0.7866666666666666 -0.11370764179896983 0.4675041359605209 0.8766472808697486
0.7933333333333333 -0.1313531301789287 0.4577708410894413 0.8793134891723555
0.8 -0.1495340929232411 0.4532627002495017 0.8787448319143352
0.8066666666666666 -0.169034205357233 0.4473460258831821 0.8782419772168558
0.8133333333333334 -0.18432521336534835 0.43468624701949043 0.8815169212045387
0.82 -0.20150064668634837 0.4299194925961288 0.8800947217606016
0.8266666666666667 -0.21875703225116122 0.4137490864806531 0.8837177458199477
0.8333333333333334 -0.23988573926009493 0.4066953127310482 0.8815065256152295
0.84 -0.2538887888295588 0.3989290472912407 0.881133416761595
0.8466666666666667 -0.27217291900987994 0.38474752792254274 0.8819814294616037
0.8533333333333334 -0.27920963164025536 0.3699737200244451 0.8860933517923414
0.86 -0.3006327743842411 0.3598316230008438 0.8832559867074846
0.8666666666666667 -0.31191219777458823 0.34601774660069773 0.8848629836967988
0.8733333333333333 -0.3306677757323636 0.3296379943215534 0.8843062901460526
0.88 -0.3395361015965508 0.32229074809157554 0.8836537270940408
0.8866666666666667 -0.3577526183830228 0.3066728525036124 0.8820231434477154
0.8933333333333333 -0.36607833220831953 0.2855809233193314 0.8856806370942368
0.9 -0.3733034275362319 0.2711228257123649 0.8872073964792243
0.9066666666666666 -0.38993011368015673 0.2579292124698639 0.8839836128571933
0.9133333333333333 -0.3954256655968452 0.23345922103525818 0.8883328965544967
0.92 -0.40331944606987163 0.21540696907221796 0.8893442877182111
0.9266666666666666 -0.41396085639855057 0.20027324524055368 0.8879904484906331
0.9333333333333333 -0.41929503168404003 0.18480504642309817 0.8888412519801477
0.94 -0.42386700062868077 0.16113114388953909 0.8912763433676978
0.9466666666666667 -0.43541795016305573 0.13728731723368837 0.8896984889290189
0.9533333333333334 -0.4445110044735134 0.12664364546310858 0.8867758194525619
0.96 -0.44746711675332207 0.10527079175065379 0.8880829014391955
0.9666666666666667 -0.44878052998652684 0.08143740450612746 0.889923583827464
0.9733333333333334 -0.45412666252420036 0.06741150780828997 0.8883831735234767
0.98 -0.44699915379034205 0.04434184554067122 0.893434696687321
0.9866666666666667 -0.4571820341682523 0.02873161572119609 0.8889089277827217
0.9933333333333333 -0.45908916303177105 0.0044651877191455025 0.8883789745854077
