0 -0.03355984145343405 0.07449977029695566 0.9966561700342409
1 -0.032830703819169305 0.0565402483513298 0.9978603836224323
2 -0.03343315320276097 0.018530254925752693 0.999269159896025
3 -0.029623301495357746 0.010560024908619736 0.9995053506022089
4 -0.03154889026004293 -0.0029779250076943375 0.9994977736273394
5 -0.02809861098910149 -0.03366798718870667 0.9990380046320281
6 -0.028643007398456752 -0.048398881714187714 0.99841731073534
7 -0.028417890404620172 -0.06295023448076442 0.9976119944566462
8 -0.030395989416212243 -0.08610859025622764 0.9958219692854217
9 -0.024737998507718295 -0.10122666927670304 0.9945557766445166
10 -0.024894994836576756 -0.12170632347818938 0.9922539040273458
11 -0.02427407790120073 -0.12951220232334293 0.9912806659021469
12 -0.022523181301629055 -0.14489664088839405 0.9891904112774818
13 -0.025431939696144656 -0.1657288299066037 0.9858433807563347
14 -0.024283070341667323 -0.18080790458068757 0.9832186095349917
15 -0.02229280365070052 -0.19557530124529032 0.980435277031689
16 -0.020886129321498137 -0.20115616440039652 0.9793364933084472
17 -0.02020433850725467 -0.2258231737837375 0.9739587665233699
18 -0.01914422209338762 -0.23443915273655913 0.9719422731955859
19 -0.022163020958491986 -0.25415595482307424 0.9669092776108652
20 -0.01885691003802148 -0.26551226477065143 0.9639230540868796
21 -0.018241423494003373 -0.27906355271624284 0.9600993615320765
22 -0.01908697957600891 -0.2965889267200526 0.9548144823774471
23 -0.017183641036140562 -0.3102742754343901 0.9504917656057865
24 -0.01642638760242776 -0.32713980202509596 0.9448331724285061
25 -0.017049749809899706 -0.32740707844749317 0.9447295438451665
26 -0.01089176448617668 -0.3366228413534261 0.9415765673303065
27 -0.014278856340324442 -0.35308520817278577 0.9354822018783645
28 -0.012844249205910208 -0.35876132007496286 0.9333409561786122
29 -0.013465777005051582 -0.3702005814350873 0.9288542417165209
30 -0.009441566993300565 -0.38013797843520947 0.924881600078574
31 -0.008047309297193772 -0.3886504960188841 0.9213501141028585
32 -0.00879343869307092 -0.39322458109925895 0.9194004047504349
33 -0.011428301320805745 -0.4054897279603207 0.9140281584544242
34 -0.01039981709321458 -0.4046767600878699 0.9144006581631556
35 -0.0038158983537247004 -0.3975955348346246 0.9175528483958424
36 -0.006551900020505874 -0.402283064831917 0.9154918942052742
37 -0.005912338433652575 -0.4003586898117757 0.9163394369699713
38 -0.002793709179186421 -0.40690835960259053 0.9134647130976384
39 -0.002934007989643661 -0.3992883672939023 0.916820697487184
40 0.0014598251870868717 -0.3945290287166332 0.918882318042051
41 0.00028042727125399125 -0.3960263220835471 0.918239115686935
42 -0.0025860273712834947 -0.3881428433258706 0.9215955976659955
43 0.00016351980411177802 -0.38581222637443185 0.922577313422175
44 -0.00014166997300413264 -0.3726063768549296 0.9279894761562013
45 0.0071649076361378905 -0.35796825342499505 0.9337062673230938
46 0.0072067670241220405 -0.3469415813844153 0.9378590521051345
47 0.0013390522281309103 -0.35078424353214155 0.9364553494047185
48 0.0033674400599709164 -0.33256364743551525 0.9430748012495237
49 0.007092358865730841 -0.33054328511484554 0.943764184058288
50 0.011216545824468627 -0.3144524085207565 0.9492069699887706
51 0.01381046576880647 -0.3031021631714974 0.9528579903196528
52 0.011853731032255066 -0.29605514067041216 0.9550972949093919
53 0.012513788464904696 -0.277569221214943 0.9606241369715764
54 0.013734211471991359 -0.26003716972970636 0.9655009279095526
55 0.01703505122198018 -0.24608153078570005 0.9690994207180355
56 0.012436260657083809 -0.23129858070490383 0.9728033233828749
57 0.01693153587694693 -0.22357171092689943 0.9745404112534618
58 0.020865850590207347 -0.20474346509317387 0.9785932402079975
59 0.01307791218010057 -0.18933815183787328 0.9818248481636771
60 0.019770695846333175 -0.1746169333484479 0.9844379341399513
61 0.020940878008289032 -0.15781828404474674 0.9872461034865694
62 0.025053068095405195 -0.14028527600102447 0.9897941124882101
63 0.015739728496724115 -0.13057702141392763 0.9913132211493582
64 0.01898319314650057 -0.09961188311449848 0.994845269939173
65 0.023843671396011235 -0.08612000699980893 0.9959994095021903
66 0.022025918362793107 -0.062159746935787075 0.9978231430374593
67 0.021968910983526713 -0.048926191889163806 0.99856076164519
68 0.025040428406128967 -0.03845057796356954 0.9989467102901459
69 0.028297592004523975 -0.007769348608755888 0.9995693490243392
70 0.02455942110129361 0.008505143813416716 0.9996621916246917
71 0.024719772939380547 0.02916177126579711 0.9992689947769156
72 0.02849292314177765 0.052044518078976976 0.9982382087802304
73 0.02221425777800229 0.0672188560946736 0.9974909283480708
74 0.024488731461368318 0.09507620856345034 0.995168737750846
75 0.028617502146447177 0.10971398879617081 0.9935511457561365
76 0.029711745944719148 0.1360498479723697 0.9902563562126787
77 0.028042650791906792 0.1570716147867347 0.9871889978949575
78 0.031917830757529186 0.17479317343315376 0.9840876986330547
79 0.031381465971234035 0.19049631041178117 0.9811862001236028
80 0.031755132492992166 0.22143081379220197 0.9746589179111202
81 0.026158862734171284 0.23686031063570157 0.9711914884027835
82 0.034157242332702786 0.25334405504746915 0.9667730201905357
83 0.02664331041257778 0.2753299500975974 0.9609805162382401
84 0.026214536542612077 0.29151060868979917 0.9562083262004987
85 0.02694332756082475 0.31761598266542246 0.9478365600964268
86 0.027927656206364615 0.3256990142130858 0.9450609494415919
87 0.028333968901381512 0.34265349946242535 0.9390344857950902
88 0.03351632787804587 0.364053326568046 0.930774855257871
89 0.034081697894009666 0.38139655206427053 0.9237830415969688
90 0.027274650550654922 0.3973059380660948 0.91728081033823
91 0.028753232658497163 0.4084905741885708 0.9123095430887357
92 0.026702855486279486 0.4213416689503986 0.9065087729939362
93 0.02924829586390329 0.4388610040316314 0.8980788140967396
94 0.028897331596860032 0.4509870299123764 0.8920625780052622
95 0.027056905296862443 0.4710252565312967 0.8817046736778602
96 0.0250731649553132 0.4824841027853916 0.8755457880422353
97 0.02463007985767851 0.4925188797645006 0.8699531666944639
98 0.024494355176466587 0.5076930839809027 0.8611897346360143
99 0.022040543799660306 0.5238486229551099 0.8515261796662803
100 0.021776766843786377 0.5364059196937424 0.8436791225005762
101 0.021687568568360627 0.5433905825707376 0.8391998118106476
102 0.02080690609855329 0.5538587805350581 0.8323506015392939
103 0.014860847483413542 0.563753038664141 0.82580970362973
104 0.017153425886321183 0.5688060813938725 0.8222927713106265
105 0.014941357663068477 0.5802866128027809 0.8142752623241477
106 0.010525471215449556 0.5942178055835077 0.8042352976481533
107 -0.002071247037197299 0.5949643249088411 0.8037494398265407
108 0.006372965064522174 0.6049495815684369 0.7962382740590028
109 0.00035237821693356874 0.6068701321840644 0.7948009301029335
110 0.0021934114832353746 0.6014809512761484 0.7988841306459935
111 -0.003146685760701942 0.6042617998292987 0.7967796280250771
112 -0.0041613861381545325 0.6096682103934387 0.7926457948548462
113 -0.0019225756729320809 0.6084632842140413 0.7935796969846471
114 -0.004074403225397538 0.5970629110145715 0.8021840683591033
115 -0.01073279684263767 0.5914375211481032 0.8062793967664819
116 -0.015279025788846018 0.5916443073636519 0.8060543188490017
117 -0.010022310971491588 0.5849393164295037 0.8110151351101752
118 -0.010930308844504633 0.5824551211724992 0.8127893701128804
119 -0.015972404309211218 0.5702535750783438 0.8213134251982924
120 -0.019093676773950352 0.5613309730607752 0.8273711199878173
121 -0.025459142018517067 0.5641050957417741 0.8253104101160029
122 -0.02344299923453519 0.5455883602854414 0.8377253529098503
123 -0.024772608810203683 0.5332410566643645 0.8456005518802646
124 -0.028568312911135874 0.5238327675119654 0.8513419308234305
125 -0.024115481526835736 0.5067932726402105 0.8617302491832084
126 -0.0245560381230161 0.4939283228014975 0.8691558047474571
127 -0.0332749851078703 0.4831755315690076 0.8748909538102893
128 -0.02948615244507724 0.4693835344856021 0.8825019344838796
129 -0.0332291632791506 0.45554097235751295 0.8895944273720126
130 -0.03439799170919566 0.4450628975345719 0.8948384186010931
131 -0.03272427763154423 0.4325686820522324 0.9010069128264712
132 -0.034130356472048706 0.4218116543571575 0.906040863877325
133 -0.03104602334338802 0.4099608641973932 0.9115745906183919
134 -0.032976789671508855 0.38550904799904295 0.922114583581581
135 -0.03445317291448691 0.37261841170623583 0.9273448647259804
136 -0.035542449095115725 0.3574838047273027 0.9332427678101837
137 -0.03811757254332937 0.33566112753032584 0.9412112717814606
138 -0.035483869883213504 0.31842015170934934 0.9472853329190241
139 -0.03540795180854861 0.2985611705106975 0.9537334556426155
140 -0.0308232543433673 0.28522387949561556 0.9579651692818244
141 -0.0324371083127295 0.2637680057122715 0.964040597260758
142 -0.034520069985962576 0.23941266773997427 0.9703040447683358
143 -0.03302767046364263 0.22773657937082858 0.9731624856108148
144 -0.031408099439788284 0.20708529613512022 0.9778185984190576
145 -0.030813415618036744 0.1835055038063494 0.982535629629139
146 -0.03295515475825961 0.16186411562368974 0.9862626251907856
147 -0.03112912757243097 0.14098265195634338 0.9895225461119802
148 -0.028915691863695865 0.11034219607642182 0.9934729400084715
149 -0.03522693088490375 0.09883316765008054 0.9944803006156943
