0 -0.02782670552187666 6.0201911669719495e-05 0.9996127604405263
1 -0.02217080613899658 7.423284042250289e-05 0.9997541947121967
2 -0.018086234707984428 -0.009582259399782578 0.9997905122668864
3 -0.017527361130608987 -0.022472964258625328 0.9995937962438681
4 -0.01544497021961555 -0.033550801185706525 0.9993176655271898
5 -0.027194613654793365 -0.040243505341384433 0.9988197601499503
6 -0.01733186208397721 -0.0489466147368518 0.99865100784133
7 -0.018762143900087458 -0.05731160996121215 0.9981800245045611
8 -0.02096342646068816 -0.05443291623754454 0.9982973466762816
9 -0.017121103489025957 -0.06288740495285844 0.9978737606098345
10 -0.014702159829755757 -0.0765772731315077 0.9969552486125358
11 -0.02702601256409015 -0.08367685621314103 0.9961263867497794
12 -0.017079731290644464 -0.0928605259431009 0.9955326240262595
13 -0.022370966173135165 -0.09282788803656128 0.9954308228476514
14 -0.01625505638080965 -0.10629718663694004 0.9942015294974795
15 -0.0220986337693585 -0.11175419142344933 0.9934901363802356
16 -0.026967658855257648 -0.1229005959986813 0.9920525131660298
17 -0.01530060836722269 -0.12433145402107326 0.9921227650470473
18 -0.028117866717761952 -0.13237028261033207 0.9908014401750248
19 -0.02069230362569041 -0.13583277264294008 0.9905156669365676
20 -0.02283753912510922 -0.1382086168205675 0.990139800757072
21 -0.022146730216832444 -0.13596769559931976 0.9904657026339245
22 -0.01719163059348494 -0.15153708346907996 0.9883020591758487
23 -0.01739595108280384 -0.15850588111698705 0.9872047743691539
24 -0.009197643710612269 -0.16073351999256388 0.986954983219079
25 -0.025217898251168047 -0.16957630927933065 0.9851943630264003
26 -0.0173617503549387 -0.1746994681406675 0.9844687224366151
27 -0.01064651622320667 -0.17472608519112415 0.9845595191993691
28 -0.016242055828408986 -0.17757038499570799 0.9839740616474312
29 -0.009636339633236513 -0.1761452551742967 0.9843170170417936
30 -0.02141816429383603 -0.1826942250467022 0.9829364589701957
31 -0.012552029143063637 -0.19048768726392856 0.9816093355124692
32 -0.010794435234500743 -0.18392830719829412 0.9828803884395791
33 -0.014311168430507393 -0.1870034038862638 0.9822550164764267
34 -0.013037085298122641 -0.20689325228730515 0.97827665645507
35 -0.01719230821428619 -0.20169917084949907 0.9792966195269386
36 -0.012080768665683972 -0.1975528817790865 0.9802177890291649
37 -0.011501058978007794 -0.20147674808101912 0.9794257734127083
38 -0.017488545766222524 -0.19637952584684593 0.9803719868474164
39 -0.020360472968516563 -0.19566087616790567 0.9804602351333305
40 -0.013791437901264247 -0.18910555546214003 0.9818599111553393
41 -0.02107737616826144 -0.1894625312328032 0.9816617001150247
42 -0.01434537326681734 -0.1866461439162761 0.9823224660095178
43 -0.012213011533235507 -0.19082775161264307 0.9815475595017046
44 -0.015570606274323273 -0.1946671209654172 0.9807457714592944
45 -0.014018430683547016 -0.18912418407833975 0.9818531084627034
46 -0.017326266902159437 -0.18716612289233273 0.9821754644240953
47 -0.017956323918883355 -0.1757142151066957 0.9842774431230041
48 -0.018036524086979866 -0.18354896809357604 0.9828450844922828
49 -0.012594698707626917 -0.17886521613100703 0.9837929701023849
50 -0.018709871813412216 -0.17573991846098236 0.9842588184802069
51 -0.015796484640940134 -0.16846836054918768 0.9855804800049852
52 -0.013594621980325017 -0.15950513145080675 0.9871034896575297
53 -0.01911118608313289 -0.157408730454061 0.9873485980864798
54 -0.012997474373357715 -0.14999061097269362 0.9886019837527902
55 -0.020190875481720036 -0.14787835593824217 0.9887994338551598
56 -0.020573378236053208 -0.1418546450811773 0.9896736814611417
57 -0.010955985856916983 -0.12504093151855022 0.9920910904845767
58 -0.010362014506684947 -0.1377079119820574 0.9904186789600171
59 -0.017234092550578728 -0.1219670263095804 0.9923845174866219
60 -0.022589626645192595 -0.11452365709762219 0.9931636525432338
61 -0.01604658511007573 -0.11564730033500348 0.9931607166171699
62 -0.024343325328912258 -0.10263049458488105 0.9944216329571645
63 -0.02508340262854708 -0.0987298061004756 0.994798094238191
64 -0.020598580063416583 -0.08438502530324071 0.9962202898977426
65 -0.021751100567109716 -0.07957851772744684 0.99659126483249
66 -0.021508147469908923 -0.06350315711639343 0.9977498427104181
67 -0.021957164324099165 -0.06879602851969646 0.9973890862621074
68 -0.0176431147096473 -0.057144406928261504 0.9982100166098113
69 -0.027579934019652863 -0.054072078076734864 0.9981560787832405
70 -0.02125378028589997 -0.043983396003666964 0.9988061562182842
71 -0.017543200058083963 -0.041303582381280624 0.9989926176975459
72 -0.01720434314346575 -0.032029234160741216 0.9993388508089127
73 -0.021147987291579795 -0.020541761732103314 0.9995653048492914
74 -0.02573837743994456 -0.015778271825263257 0.9995441871498065
75 -0.03293325664131183 -0.006013634393052865 0.9994394613023764
76 -0.02955297243199343 0.005553139968007881 0.9995477899815142
77 -0.028942557279710207 0.013854242190719929 0.9994850615949351
78 -0.03098230443256289 0.023413259020520383 0.9992456735528488
79 -0.026193314218598385 0.030022628281252864 0.9992059607915337
80 -0.03458050811421276 0.040262036721196326 0.998590585203778
81 -0.030134833949872895 0.05248082377910257 0.9981671477855203
82 -0.02803891464131597 0.05554169209241133 0.9980625930798369
83 -0.030725750479677183 0.0646153193449186 0.9974371101795916
84 -0.024759935605447148 0.06696077717196414 0.9974483444817283
85 -0.026277258433115208 0.08332073332449663 0.9961762700885358
86 -0.02866446773055875 0.08954821363715651 0.9955699200579126
87 -0.026418164355399454 0.08891638157048443 0.995688685122264
88 -0.02709576426831684 0.09355790940754172 0.995245063864175
89 -0.033658287999743575 0.11135012655667592 0.993211089831733
90 -0.027842086027435653 0.12235455995564931 0.9920958521754337
91 -0.027421610525355772 0.11990441395770812 0.9924066640191683
92 -0.03095566669786498 0.1289535026590192 0.9911673626846581
93 -0.02523659575617404 0.1303259860134618 0.991149964235614
94 -0.02627621180280404 0.13499869881173943 0.9904973054039224
95 -0.023367709872385012 0.14202274934048487 0.9895875346855829
96 -0.024787190251770563 0.15085505578059372 0.9882450846550448
97 -0.022474902130195318 0.16185428154196457 0.9865587008996336
98 -0.02335274363935419 0.16521331919778603 0.9859813428884775
99 -0.010077584618511437 0.16624557375228408 0.9860328856057645
100 -0.013726979399556027 0.18116930292749428 0.9833561174433856
101 -0.02087031227953831 0.1838643772213076 0.9827300345742846
102 -0.0222907036648049 0.17187006263130067 0.984867405340049
103 -0.026201594312726062 0.1682205353316628 0.9854011000339913
104 -0.025849541762229533 0.1747070949263535 0.9842810737655565
105 -0.01879235538206475 0.18805980178803305 0.9819777789393406
106 -0.02066652494731447 0.189170814495285 0.9817266919513765
107 -0.026910271290254473 0.18519419245332214 0.9823334201688582
108 -0.01892956497042958 0.19144554187327878 0.9813206795267675
109 -0.0287896176480833 0.1969832202544018 0.9799840656122338
110 -0.03409465183715421 0.18963715316819127 0.9812620979403859
111 -0.03269825864775154 0.18694588802965662 0.9818258800979979
112 -0.02206680480260559 0.18911205124123287 0.9817075369992512
113 -0.028896788564839127 0.19215897571437668 0.9809382771933415
114 -0.018781033390021684 0.19895247145377515 0.9798291620926771
115 -0.021935852220624052 0.19557173965424646 0.9804440387069355
116 -0.02846140354918951 0.19241391870511004 0.9809010308877006
117 -0.025542203541338016 0.19142365318825805 0.9811751020273162
118 -0.02573695434478418 0.19451311334490085 0.9805622152203949
119 -0.028534841144685887 0.18081516515835017 0.9831030662598942
120 -0.02547901123529095 0.17438378075324912 0.9843480669949398
121 -0.025775133046548493 0.17647016311484065 0.9839684568352047
122 -0.024906756695018406 0.1746404444438625 0.9843172093565089
123 -0.031111579098642726 0.17746861537198755 0.9836345663934033
124 -0.02596622699987905 0.1729812179096038 0.9845827813373038
125 -0.023355484731953258 0.15594572241735255 0.9874894698135601
126 -0.025552732840821824 0.16074201281728118 0.9866656288529639
127 -0.02472469558428325 0.1573574507347048 0.9872321520931836
128 -0.0240817441783997 0.1484091455192106 0.9886327908397454
129 -0.028352392938797655 0.14874659366838228 0.9884688121972781
130 -0.024570863142850397 0.14363395678699992 0.9893258104093543
131 -0.023869625220467705 0.13566331746640325 0.9904674175791165
132 -0.018401661155064752 0.12752043915522637 0.9916652239865997
133 -0.010156114163520802 0.12307575753907163 0.9923453084744651
134 -0.011275471059816633 0.11575383933736494 0.9932139308482535
135 -0.02217232516637757 0.10917198591051443 0.9937755609236275
136 -0.028201923755450997 0.10792768904977257 0.9937586555260124
137 -0.016361291194208927 0.09553720142875918 0.9952913901434189
138 -0.0264813964542866 0.0878819846916688 0.9957788370961114
139 -0.025084764802652648 0.08244491688579819 0.9962798754639631
140 -0.0213202479931619 0.07947339734732684 0.9966089635055387
141 -0.022226973431359043 0.07340071290887265 0.9970548114304201
142 -0.021196016689554953 0.05304414789744605 0.9983671905918834
143 -0.03263410878133635 0.05544288657583962 0.9979284048829287
144 -0.026810933587563368 0.04663962152199341 0.9985519112917708
145 -0.026580763222016524 0.05069703300776279 0.9983602926152186
146 -0.01642750355550271 0.027470943720224184 0.9994876109177415
147 -0.02606836981561833 0.02517304129978619 0.9993431633262296
148 -0.022856235366412785 0.010703195808268395 0.9996814663203301
149 -0.017410231193179693 0.009199557030532102 0.9998061072029129
