0 0.002275085042250935 -0.0019373547675044511 0.999995535312311
1 -0.002569619828984609 -0.034906135613559375 0.9993872916694817
2 -0.0010031819015228205 -0.05329584023335732 0.998578262851687
3 0.0017231260299198081 -0.06891532232284703 0.9976210248314856
4 -0.0022638993970719445 -0.09082585030861023 0.9958642174891303
5 0.00044201806052124315 -0.11409790970574574 0.9934694115174424
6 0.004316623861114588 -0.12408953093153385 0.9922616364002155
7 0.003627331153466501 -0.13298583496527305 0.991111300595091
8 0.002681055960584211 -0.16182995566052993 0.9868150168039839
9 0.0004017412784837471 -0.1759984701244126 0.9843903580987633
10 0.010208197079156656 -0.18690477867719169 0.9823249953146987
11 0.00844340885259598 -0.20823174759002772 0.9780430706991134
12 0.0028870543840219254 -0.22243467022080082 0.9749433226607314
13 0.005587851092405061 -0.2364332379482983 0.9716316688506261
14 0.0070845458061356 -0.2575239556163171 0.966245942550056
15 0.004663775069593978 -0.2731137552624783 0.9619704391968221
16 0.008501033649541523 -0.2931412598769555 0.9560313458169876
17 0.0034264871111846507 -0.29949525464203375 0.954091636915962
18 0.007962944562094565 -0.32813014098370785 0.944598963630552
19 0.0027302224662154595 -0.3237507216418807 0.9461384761870997
20 0.0037558118391198825 -0.3437407142437854 0.939057088386325
21 0.004907379881885721 -0.35117658038410743 0.9362963884435415
22 0.009179268538648755 -0.37600829196899443 0.9265708312911942
23 0.0037358091794599257 -0.3834883480601242 0.9235381587308086
24 0.004817801707542371 -0.38023456181257975 0.9248775415101735
25 0.008182070904838912 -0.397989059298672 0.9173536735601304
26 0.010026077324817861 -0.4079056550725068 0.9129690325160789
27 0.005364702068425153 -0.41275106502353376 0.9108280728511039
28 0.0040985153306168 -0.4235984549884808 0.9058407978797691
29 0.00512227989030456 -0.4319509958706318 0.9018825308293176
30 0.006069357818538692 -0.43103596677151634 0.9023143345004636
31 0.006846537374130518 -0.4390093415114007 0.8984564112920062
32 0.002258461183295535 -0.44326053151555833 0.8963899824036566
33 0.0012231064734048447 -0.4503953884051428 0.8928283699087608
34 0.008668458899414838 -0.4443322178120686 0.8958201482633206
35 0.002033719853886229 -0.44417854294144804 0.8959359831896295
36 0.0006896258116041443 -0.44428635509196845 0.8958845679524418
37 0.003046066821101756 -0.4393183444946996 0.8983262846356872
38 0.001050792581983373 -0.4432364562193295 0.8964041162963724
39 0.002717464422633542 -0.4420849211968337 0.8969690841035165
40 0.001033534659822033 -0.43056355310375855 0.9025596703513697
41 -0.0037664762818003794 -0.4234725083223475 0.9059011250415788
42 0.0014727586521557923 -0.42122134505705333 0.9069566745166383
43 0.0012645133466518965 -0.4081670499522758 0.912906380928106
44 -0.0013404195206981884 -0.3974576703419145 0.9176195309396409
45 0.004481346199016967 -0.39021307305163033 0.9207136770765642
46 -0.004947850241523555 -0.3964641760774626 0.9180368597530313
47 -0.0007409321553186743 -0.3828622967133726 0.9238051270559734
48 -0.0017190569436161818 -0.3639285695308928 0.931425274041038
49 -0.0009968080925836231 -0.3550530397286593 0.9348456264822902
50 -0.0017352104028378612 -0.3441444745266438 0.9389151024973654
51 -0.000835276709519106 -0.33675065076990146 0.9415934905886224
52 0.00012415381746122556 -0.31703174549681845 0.948414918130809
53 -0.008293530923516035 -0.3088821322923694 0.9510641648676184
54 -0.00012059010426623828 -0.28723212329937253 0.9578609986855924
55 -0.0001875488860476615 -0.2732894912537469 0.9619318160845305
56 -0.005224339552883539 -0.26207479307209813 0.9650334238317622
57 -0.002275282071917739 -0.24097408667661935 0.9705288829508694
58 -0.000988877636034169 -0.22921274332591912 0.9733758474597709
59 0.0001795513115254721 -0.21168133574348774 0.9773387231964048
60 0.002199918015508451 -0.19363857905682713 0.9810704669194656
61 -0.003681195504690149 -0.17665277866816853 0.9842663483978673
62 0.000589575415541943 -0.15988400953317183 0.9871356319657528
63 -0.0004669159782558219 -0.14703147590452376 0.989131703608173
64 0.0023661248694162307 -0.128702660869078 0.9916804054423588
65 0.0008648857879499094 -0.09947301514477837 0.9950398842411196
66 0.00144245519563857 -0.08617282821621763 0.9962791591718791
67 -0.0003969416375445012 -0.06593218062040858 0.997824027569979
68 0.0018749808558214953 -0.03913824879450988 0.9992320460874387
69 0.0024092642983924457 -0.027983707078848563 0.9996054759672264
70 -7.412965772390923e-05 -0.013136188994133657 0.9999137137990979
71 0.004281258739428445 0.004474046390924802 0.9999808266824413
72 0.0038150080277721266 0.03159944092693484 0.9994933321672806
73 0.002549331534146604 0.061461830153643704 0.998106178892253
74 0.008461020574695555 0.07074900878119328 0.9974582642333025
75 0.004454956572785274 0.09022858064484673 0.9959111188237392
76 0.007588076700769442 0.12034471392363949 0.992703163550223
77 -0.0012074555803057718 0.1312040796145335 0.9913546446875228
78 0.007499858441825102 0.150921571636372 0.988517289347111
79 0.004262856963328732 0.15664367743002033 0.987645982309304
80 0.0048953550076653585 0.18784213450603315 0.9821870331070183
81 0.007267134930282859 0.2047733572950894 0.978782437976899
82 0.006191633865642587 0.22498966144057764 0.9743414780840074
83 0.0005955979178113302 0.23294261253332493 0.9724903004808169
84 0.008974837778182643 0.25587490964593584 0.9666682382806108
85 0.0035729563561049393 0.2725637895436491 0.9621310797456254
86 0.006342405223268399 0.27969116476512346 0.9600690736860095
87 0.0031898349877090837 0.30346282197463426 0.9528379403822788
88 0.005792193582982219 0.31541522672209976 0.9489360806952929
89 0.004294615105963739 0.3306219363843884 0.943753512026593
90 0.009171341604301775 0.3532382952115728 0.9354884249894267
91 0.011172354404771712 0.3644408091911035 0.9311595325685004
92 0.007491723996900998 0.37990281712700713 0.9249960668081338
93 0.008409359783430215 0.3972472320141036 0.9176731004694243
94 0.00879305682043241 0.4109691553527121 0.911606842613871
95 0.010928075134504944 0.41310203769419945 0.9106191759603763
96 0.006279272521162671 0.4296907988816429 0.902954255814247
97 0.006990946960033884 0.4460628020318548 0.8949743590204652
98 0.002455906136559771 0.4502046726325607 0.8929220129803371
99 0.007026582812704296 0.46611830653110864 0.8846944961118202
100 0.0021611196281663414 0.47079317884476346 0.8822409604610271
101 0.0043214852817274885 0.47189506517701973 0.8816441301491983
102 0.0027449416577597086 0.49202966814358834 0.8705741042334108
103 -0.0005349433965406991 0.5001059627319783 0.8659640522997958
104 0.005510916810521627 0.5026828621556506 0.8644533358666104
105 0.0047253101063553515 0.5092239985443939 0.860621049446769
106 0.0007098907825625611 0.5049491153348183 0.86314882087486
107 0.002550065397713075 0.5214288575344469 0.8532909490301587
108 -0.0010519100548236349 0.525355711582627 0.8508820539844218
109 0.005876495003455773 0.5229212103026439 0.8523607655342265
110 -0.004089676308789092 0.5139384783988072 0.8578172969629418
111 -0.006771159044803576 0.5238491578112858 0.8517841341945721
112 -0.0016327837311576054 0.5239607586127077 0.8517408393703351
113 -0.0011315254746631087 0.522760494744412 0.8524788471186118
114 -0.0043764925252665066 0.5076022341852424 0.8615804188602052
115 -0.005851865570200343 0.5051233878238146 0.8630272989556822
116 -0.009157425016445231 0.49106747361910846 0.8710734055867015
117 -0.0006879407254851144 0.4929457960176129 0.8700597502046168
118 -0.007700021780569943 0.49370325102539214 0.8695963486535219
119 -0.0055164660080835315 0.4784838076609816 0.8780790479273666
120 -0.008483561554131658 0.4744726991579229 0.8802293376939629
121 -0.007588059865985319 0.46785731029632216 0.883771440220695
122 -0.009994393300888804 0.45257317788054247 0.8916712571153422
123 -0.007273608285458422 0.43221948035062796 0.901739106076665
124 -0.008109644241693248 0.42978462267648915 0.9028950170319368
125 -0.006555585134115471 0.4172901687342418 0.9087496571560825
126 -0.006561691556213445 0.4091298835739094 0.9124525645592325
127 -0.011432278334792878 0.39372760583843475 0.9191560669509886
128 -0.010754113945245947 0.3921897895688484 0.9198214598448957
129 -0.01023017601843279 0.3700947284404482 0.9289376919251487
130 -0.005459933540866269 0.3462761145148088 0.9381167526711462
131 -0.013536657376127526 0.3482988338394056 0.9372858055327582
132 -0.008651468874865953 0.32571967168601695 0.9454268070892959
133 -0.013015542069697794 0.3094467060563266 0.9508277087756336
134 -0.0037310956025610187 0.30316479200475044 0.952930841044785
135 -0.0109676279437394 0.26895089009815065 0.9630914441799909
136 -0.005237409114748015 0.25545574358021716 0.9668065642193601
137 -0.004600117168520157 0.2399438461279625 0.9707758699243385
138 -0.010839603984419188 0.22681337832945997 0.9738779155501154
139 -0.005404281314356885 0.2081547207573024 0.9780809812944551
140 -0.00937612332730453 0.18373316019331487 0.9829314391943769
141 -0.006896270848561703 0.16103830974859357 0.9869240620441371
142 -0.005528009452676785 0.14689023072678642 0.9891373520540627
143 -0.0061749059208987545 0.12843621663296856 0.9916985473387951
144 -0.006669626891662506 0.11709668248468907 0.9930981235649405
145 -0.008186637635638344 0.08361865511225308 0.9964641987956423
146 0.00038931369217263395 0.06401718303281323 0.9979487204818653
147 -0.0008935834989044766 0.047683433930037544 0.9988620984085691
148 -0.006141228932974974 0.03504266399171388 0.9993669481264411
149 0.00018857208135424075 0.001989276047006494 0.9999980036086965
