0 -0.025034829717294205 -0.010630834479687268 0.9996300528992171
1 -0.0219764282250366 -0.026373067138490747 0.9994105752553246
2 -0.017308446824987556 -0.04614702837522233 0.9987846962387057
3 -0.0053323700500534366 -0.059840114117090115 0.9981937319839789
4 -0.02703749151296464 -0.07414176554876561 0.9968811226289718
5 -0.020578287404299345 -0.09534029343781703 0.9952320144241226
6 -0.01748653660818933 -0.11345248933054763 0.9933895276789226
7 -0.010073730293605004 -0.12450714451687062 0.992167571996902
8 -0.010192189930086526 -0.13755229403025077 0.990442065782469
9 -0.02098905695697567 -0.15979940693203376 0.9869263442791604
10 -0.018931211827862948 -0.16800542851033912 0.9856042741434242
11 -0.011771551075867248 -0.1804885514388676 0.9835066412509716
12 -0.013117797123784136 -0.19600553754393463 0.9805150445815365
13 -0.021988287350312385 -0.20557006511069986 0.9783953513533181
14 -0.023118648163126254 -0.2253802784276232 0.9739965391124328
15 -0.009899950894474763 -0.2316001707504638 0.9727606858218744
16 -0.006517067864619919 -0.2512476728026095 0.967900890968554
17 -0.005716050373688164 -0.2610278076472893 0.9653143583325463
18 -0.021007727018798494 -0.2758312198636269 0.9609764895948533
19 -0.02080518948124288 -0.2886449391473582 0.9572101353387705
20 -0.020432141523601732 -0.2943699919872068 0.9554730950739594
21 -0.02034609360951356 -0.30655664748396333 0.9516349396476705
22 -0.023331312616397204 -0.31471214092283306 0.9489003731727386
23 -0.02067014508508322 -0.32233591248544136 0.9463996537532859
24 -0.0275511330812832 -0.33474267274884667 0.9419067247381216
25 -0.018365592676212517 -0.3475991204183003 0.9374633627454865
26 -0.01623053936420049 -0.34795886907130513 0.9373692949027963
27 -0.03162669666466189 -0.3511885622753136 0.935770455712874
28 -0.015967341223654417 -0.3555266455819266 0.9345297471431879
29 -0.02277636121873483 -0.36779694537791996 0.9296271534009238
30 -0.022749649335759247 -0.36946948354992737 0.9289643449457305
31 -0.019927741052786163 -0.3782707488485318 0.9254804836959574
32 -0.026802190815838567 -0.38460012047870923 0.9226940933458029
33 -0.017475030446488904 -0.3823545724153026 0.9238504231010588
34 -0.012008010702627608 -0.37519661944139726 0.9268674686484109
35 -0.017642834792678697 -0.3796865729329933 0.9249469372428222
36 -0.016412442948703698 -0.3908455933609687 0.9203099227253649
37 -0.02116974189234999 -0.39035312318343396 0.9204217952923268
38 -0.02341818743362656 -0.39031308409220566 0.9203843136884474
39 -0.019068756127570974 -0.39124829050846605 0.9200875815453387
40 -0.01867170541569385 -0.3881394412714215 0.9214114941470929
41 -0.014421502381322004 -0.38604877431301 0.9223656347243693
42 -0.01801599374332752 -0.38048622396841847 0.924611084369907
43 -0.018129817559763062 -0.3760835918925959 0.9264083557613313
44 -0.014926595153995359 -0.3718857242791975 0.9281585019997638
45 -0.02436876266870358 -0.3791595160806217 0.9250103917100095
46 -0.014942480276099901 -0.3634817537218495 0.9314814743163105
47 -0.02050790330957869 -0.3641306022273747 0.9311220813746036
48 -0.024455642002431777 -0.35372739552297083 0.935028797006159
49 -0.02414844005922845 -0.340999688602879 0.939753193777731
50 -0.019831164362863474 -0.33672069495573903 0.9413957183398156
51 -0.015819238383419587 -0.33815038154933025 0.9409591229989808
52 -0.0075767683580674206 -0.3245609191762219 0.9458344476306273
53 -0.016784945784986682 -0.31783159910032854 0.9479985971552509
54 -0.013533165394489066 -0.30712988138490327 0.9515713790330715
55 -0.0205380238638585 -0.29916753334544577 0.9539795472481416
56 -0.016676888410388446 -0.28509811007198993 0.9583532485604287
57 -0.006044857358689926 -0.26625240666207034 0.963884389149533
58 -0.01922665089641662 -0.26233375705964035 0.9647856424109353
59 -0.009807569917513193 -0.24812362164029367 0.9686787289687009
60 0.0025449793538250276 -0.23449796586767857 0.9721132789361587
61 -0.0022847594737473997 -0.22210243433088428 0.9750206605700431
62 -0.021518656256307556 -0.2129977743723892 0.9768156916969196
63 -0.010814137524562173 -0.1927985557702065 0.9811787662411589
64 -0.0044002358397877694 -0.1846624644822148 0.9827921510349528
65 -0.006530461856394665 -0.1719976008896145 0.9850757221433076
66 -0.009585585672372221 -0.147614844690112 0.9889984702588936
67 -0.011635788305391803 -0.13525805485306608 0.9907420789629748
68 -0.008872380200413144 -0.11585193308888027 0.9932268675731388
69 -0.008124249457592561 -0.10661974881317404 0.9942666773727089
70 -0.0018819630713635682 -0.09504797986648167 0.995470913557146
71 -0.014962876734223918 -0.07168669055133836 0.9973149606406357
72 -0.008589487144850527 -0.055791213553025576 0.9984055094002985
73 -0.013093854332730692 -0.048450114312426296 0.9987397746169051
74 -0.008655848927743959 -0.020450072227620963 0.9997534050080674
75 -0.00323453568735399 -0.011851516326660816 0.9999245368224775
76 -0.007696521337100526 0.008416649691451061 0.9999349596685172
77 -0.002773978359726259 0.02146021960695077 0.9997658545972059
78 -0.002311071561699962 0.03988616622003349 0.9992015575911122
79 -0.014507966677743234 0.06375071245536973 0.9978603938248627
80 -0.004225714152644389 0.07257060367997303 0.9973543256142346
81 0.012398696469628545 0.08422927605929509 0.9963692595520905
82 -0.0075125345513257225 0.10974461491990095 0.9939314268704349
83 -0.0145128158237042 0.1165152179068687 0.9930828677270501
84 -0.00013201453609101854 0.1360589672134207 0.9907007318120744
85 -0.011535518276458157 0.15658962847872349 0.9875963852055094
86 -0.007557918664064522 0.16991055490602813 0.9854305055137035
87 -0.010968022541083644 0.1796272640984785 0.9836735985447783
88 0.005834555433119837 0.19144001932697066 0.9814869723857704
89 0.005976280612426388 0.20541730188451723 0.9786562298154173
90 -0.0033717039698597517 0.2142440237960388 0.9767743495198987
91 -0.0003437663144845171 0.2281373604771289 0.9736288957191283
92 -0.00420856823611869 0.2502926169152886 0.9681610888024257
93 -0.008289710667546524 0.25838450848821304 0.9660065871775165
94 -0.003383904873702659 0.2698128884483832 0.9629068254067714
95 -0.0033836621494321983 0.28141447422445703 0.9595803481352831
96 -0.008397629641623383 0.2861729229211953 0.958141188971198
97 -0.0056459905287804535 0.3005339114284489 0.9537544185336525
98 -0.0026876070407505503 0.30801152814640154 0.951378828489111
99 -0.0022215599632254834 0.31970772823605975 0.9475136058007125
100 0.0025314201817315807 0.3250291800937302 0.9457005995554091
101 0.0023899889109529893 0.33325313949508684 0.9428343613645368
102 -0.0013088366874577373 0.3338021917058886 0.9426422352933645
103 -0.004517580226187534 0.33580629707324083 0.9419202313969366
104 -0.0027592304393120326 0.34319727824123736 0.9392592905344026
105 0.000296820437566625 0.3594145429140456 0.9331779563617624
106 -0.005341906651356365 0.35415028640228396 0.9351732666594508
107 -0.0058379550442755335 0.363758723791788 0.9314749106370342
108 -0.002476068237357576 0.3624345043318061 0.932005954463727
109 -0.00821949959186108 0.3701280602085639 0.928944378783092
110 -0.004501506586081727 0.3635062332484998 0.9315808901152616
111 -0.002809882066991398 0.37225510265721423 0.9281261999903013
112 0.0006959489583606704 0.37333796390960794 0.9276951440849928
113 -0.008528530685787183 0.3754992240656504 0.9267834681792919
114 -0.004192872997696329 0.3726278749759775 0.9279713824288511
115 -0.00954668096355249 0.3721284171348853 0.9281321576388055
116 -0.005255205328542845 0.37633650466852486 0.9264681419621681
117 0.0010454810735409659 0.3647211003179115 0.931116225802245
118 -0.007982444134782773 0.36014600535037117 0.9328617986689165
119 -0.009452443670366184 0.3635196741728098 0.9315385648473995
120 0.00027446149739374093 0.35939603933558195 0.9331850896691308
121 -0.01006434365858877 0.3442328429314512 0.9388303674434763
122 -0.009400709164971155 0.34559735658599605 0.938335810777766
123 -0.004317973903306238 0.3316122865990163 0.9434058757915079
124 -0.01079682750320865 0.33695413971557503 0.9414591527221996
125 -0.013758570812997917 0.3231714079149595 0.9462404254920873
126 -0.011705686554550843 0.31419304426834027 0.9492869470479823
127 -0.010140598411088164 0.30650668462257835 0.9518144885141959
128 -0.0032634286167064763 0.30321081755829266 0.9529179136469708
129 -0.01129002891934272 0.2919530281190513 0.9563660202135563
130 -0.01202397563294244 0.2771986968213035 0.9607373764409031
131 -0.005482791617134941 0.2690242827910398 0.9631177883648756
132 -0.0129307202753986 0.25048235141468744 0.9680348072786062
133 -0.017318322227545035 0.24305194860475354 0.9698586628961227
134 -0.01568890809201484 0.2277078926970796 0.9736030884124887
135 -0.005516310483587139 0.21326593009477257 0.9769786145967885
136 -0.01637378530306255 0.20328391199591 0.9789829162342357
137 -0.02383143826054901 0.18499349761599104 0.9824507460378031
138 -0.018530776844066343 0.17284364900950294 0.9847749404339223
139 -0.02901499362050275 0.1612328467494008 0.9864897867055118
140 -0.007957491226928015 0.15299778496105132 0.9881944930682347
141 -0.01356993590028821 0.13745352157683277 0.9904152594976461
142 -0.007229415654006616 0.1104473452396244 0.9938556834263317
143 -0.02441310772317562 0.10109643821706868 0.994577050987564
144 -0.022084051138040017 0.08815130020888862 0.9958622610365424
145 -0.00447250124389012 0.06467456623986223 0.9978963860112474
146 -0.023797947163015035 0.05580170314580235 0.9981582177374755
147 -0.01290220003079029 0.031289120745248644 0.9994270979703094
148 -0.01619327216684041 0.016862661630315717 0.9997266769368875
149 -0.0238330572726015 0.006366196550811276 0.9996956821565838
