0 -0.46226111478319704 0.005994369212795367 0.8867235923878065
1 -0.45603943523028656 -0.03771879614942712 0.8891598989674913
2 -0.45618552277333624 -0.07481450021325681 0.8867342101046165
3 -0.4476238977336175 -0.11539691148955578 0.8867448330813297
4 -0.4367728448747724 -0.15842819802732233 0.8855111450737443
5 -0.4227363361184069 -0.19805764338476894 0.8843456111849354
6 -0.40854306936192586 -0.23483380172696489 0.8820122709139582
7 -0.38645972138812335 -0.27388772775429165 0.8807010822805916
8 -0.36371728529319647 -0.3026192255434743 0.8809831670982226
9 -0.34239022829648713 -0.33879408257810933 0.8763489608467261
10 -0.31222762614454685 -0.3650617258569689 0.8770654740590763
11 -0.27878179402883724 -0.39247582771851175 0.8764949720190824
12 -0.2510481694034626 -0.4133361512214211 0.8752874057888834
13 -0.21190423321769325 -0.43921905939391886 0.8730310497396654
14 -0.1759380379477461 -0.4595476835767632 0.8705525448370874
15 -0.13641689621705866 -0.4698697826888293 0.8721311929649441
16 -0.10108241877473922 -0.4795914272642576 0.8716503929381785
17 -0.06169648805261185 -0.4902674577051863 0.869385624034161
18 -0.018977519653344377 -0.4890065734968778 0.8720736349785204
19 0.019527308479633576 -0.48916453272785737 0.8719729033316794
20 0.06241515817092447 -0.48702307006379 0.8711560579231135
21 0.09786624771410718 -0.4776991961789459 0.8730553679626227
22 0.13737880071300634 -0.46761508730511026 0.8731913852296589
23 0.17510975503653087 -0.45865581854582893 0.8711896543262561
24 0.21534064897470517 -0.44139628057806146 0.8710899657274244
25 0.25288319189667313 -0.4227323814818631 0.870257102759192
26 0.2835060561453967 -0.39371410308251187 0.8744218210696808
27 0.3143369235169042 -0.3736309800238087 0.8726924941125459
28 0.343082168937377 -0.3452169142645868 0.8735673456940009
29 0.3707107053315674 -0.31161259824030335 0.874912087909693
30 0.3894706504994162 -0.28059353024432276 0.8772570223056577
31 0.4173497182247311 -0.24619171668097556 0.8747621684408923
32 0.4334155112238053 -0.2039466838001177 0.8778136162065056
33 0.44677958816858854 -0.17117173567870714 0.8781163000996195
34 0.4632645685569148 -0.13031542473974467 0.8765864644144787
35 0.4685788642095159 -0.08935289977291805 0.8788912943693836
36 0.47883030538741533 -0.04470728606739102 0.8767683828783305
37 0.47910103339922805 -0.007413337297786704 0.8777284558597274
38 0.47685433470343686 0.032246004177753584 0.8783906526649242
39 0.4770731630548406 0.07895557987445329 0.8753097814485673
40 0.46418558239765983 0.11347910063987182 0.8784385230692647
41 0.4574693739104151 0.1565632427950967 0.8753340636234237
42 0.4482060454409911 0.19077137949332712 0.8733370607024304
43 0.42765250589536774 0.23439863723939164 0.873023833043365
44 0.41406104428686885 0.2695797745094985 0.8694137086447828
45 0.3888577856564595 0.3093412790377079 0.8678119586740376
46 0.3653232441441621 0.3334323955370412 0.8691155072223798
47 0.33654511280152544 0.36562658910720525 0.8677871768972159
48 0.30308349119124867 0.3928517477558301 0.8682211133418226
49 0.2757799457030604 0.42038701334352124 0.8644189843820707
50 0.234950061753591 0.44472662715029254 0.864301275936527
51 0.20538323623263655 0.46521537434971727 0.8610414518147553
52 0.1645595042700001 0.4816856005914649 0.8607549893769142
53 0.1291052961165149 0.493789633397365 0.8599439635603958
54 0.08814920007529775 0.5013094123517613 0.8607662816430584
55 0.04440106639519381 0.5064714736001767 0.8611127636565579
56 0.01098340577471335 0.5088732711949446 0.8607713742109133
57 -0.02994925992633571 0.5053048173574887 0.8624210592194393
58 -0.07073887227331438 0.5006717651133712 0.8627420214454382
59 -0.11446386982466683 0.49252449435136475 0.8627384568736305
60 -0.15071817215061778 0.48240892221344395 0.8628821845144563
61 -0.18705691952568215 0.4628840789089689 0.8664571762932998
62 -0.2245710625487014 0.4459781341050283 0.8664129164353134
63 -0.2569183908965555 0.4235734275837161 0.868664775309847
64 -0.2901669934485669 0.39776902337674225 0.8703923942423506
65 -0.318577831938119 0.37030447259050536 0.8725724970322385
66 -0.3449418307736866 0.34085932774915206 0.8745456260646973
67 -0.3737993919510425 0.3064777575439489 0.8754115596151691
68 -0.39773170233891075 0.27219339095538053 0.8761964681935235
69 -0.41515170392555356 0.23466615910141292 0.8789657880146985
70 -0.4319406217913385 0.20110493628785372 0.8791951454865812
71 -0.4434366202255655 0.16810173215655844 0.8804009152022119
72 -0.4565379486415857 0.12505623261517484 0.8808711824859701
73 -0.4656142551121771 0.08136234414310584 0.8812397712268047
74 -0.46529613285131977 0.0438886671520623 0.884066340072521
75 -0.4660058976566033 0.00047369510917697616 0.8847814865616298
76 -0.46038609898905924 -0.039621553835915146 0.8868341289831283
77 -0.45331585344722386 -0.0823085676568396 0.8875415690004016
78 -0.4463365897967193 -0.1211127666582219 0.8866314602815686
79 -0.43591143790580944 -0.16271380268755758 0.8851584246437721
80 -0.4195675867504103 -0.19805986273934095 0.8858528833390513
81 -0.3987429193131088 -0.23486283286524523 0.8864781633160355
82 -0.38225475299804657 -0.27415492174382117 0.8824513486272442
83 -0.3542112851136564 -0.3006382536740708 0.8855230126461635
84 -0.3253160406724093 -0.3332271093337358 0.8849458555676216
85 -0.3032562032029117 -0.36381396410837896 0.8807241763110071
86 -0.26901973501586895 -0.389271233278049 0.880963273419601
87 -0.2367913833871062 -0.4112053482000195 0.8802499658422721
88 -0.20128133295876896 -0.43519352984815096 0.8775490963932717
89 -0.16391392080804734 -0.4502949758653987 0.8777053385252436
90 -0.12449064938178356 -0.46174238209605817 0.8782346217228969
91 -0.0890549236092356 -0.4740723600705907 0.8759706718823718
92 -0.05164979981720785 -0.48628503912080345 0.8722724109509142
93 -0.00894815819082187 -0.4879651496422366 0.8728172450173185
94 0.030073282327980122 -0.4909865159813811 0.870647941945817
95 0.07133286069925193 -0.48674481741547093 0.8706268464179364
96 0.1083949902774638 -0.48125386964496936 0.8698535733297252
97 0.1507159423880669 -0.47413943300913897 0.867454034964302
98 0.1884623975520987 -0.46030062605406963 0.8675282464353228
99 0.22414099117924588 -0.4444513860514423 0.8673083543412554
100 0.26561093915770617 -0.4225695680711524 0.8665366634712699
101 0.29773348666953064 -0.3999474151435556 0.8668314922957017
102 0.33024590526424524 -0.3768980501120188 0.8653817087724684
103 0.35906931520296625 -0.34517879010313934 0.867133686199888
104 0.38619271370502484 -0.312868370740086 0.8677376161441848
105 0.4093781495242388 -0.283046556550884 0.8673489364245498
106 0.431144165218419 -0.25616191456471754 0.8651565074162308
107 0.45126860965278337 -0.21083559176442812 0.8671245557515871
108 0.46889406309793696 -0.17699125714485336 0.8653395012859362
109 0.4800554853522655 -0.1370845235203369 0.8664609422209423
110 0.4903917197561499 -0.09697949457653304 0.8660894519772686
111 0.5019855028882171 -0.05945893202291197 0.8628297574219136
112 0.5034323885014831 -0.015880202511520447 0.8638886788098827
113 0.5054772965420923 0.02573442735139253 0.8624560521727429
114 0.5013424689113838 0.07006273690109076 0.8624076424544058
115 0.49587999792125564 0.10699219480281685 0.8617747373373692
116 0.48407766509953154 0.14285908734089325 0.8632844811045275
117 0.4684289316923684 0.18490496879267726 0.8639354654540613
118 0.4523383325913476 0.22123787500271475 0.8639698117022159
119 0.4336951100455572 0.2586761645612788 0.863131040694539
120 0.413745626147653 0.2919733468641774 0.8623028015521095
121 0.3890347594484329 0.32556506509699235 0.861776852978363
122 0.35923497285802697 0.3533743835934814 0.8637573613553865
123 0.33026597863130597 0.38200667331429783 0.8631310936943756
124 0.2994704424509448 0.40740408926179195 0.8627510429730034
125 0.2687820594496084 0.43132528414749643 0.8612286013440966
126 0.22982967369777457 0.45293444102950015 0.8614108852442416
127 0.1935979121058118 0.4693470367884949 0.861529574353736
128 0.1525333337833934 0.47910330798077955 0.8644036108015732
129 0.11832831294852808 0.4908075336476701 0.8631954444211617
130 0.07519472538725158 0.4955194302792389 0.8653359159827325
131 0.037563274755338605 0.5030372095471182 0.8634480680392443
132 -0.008285862930712373 0.4993222539366049 0.8663767259103639
133 -0.04107787032421306 0.4953780705275477 0.86770569654119
134 -0.08603483756153163 0.4857101686811104 0.8698756455755782
135 -0.12168600803406904 0.4701753773765298 0.8741439412119553
136 -0.1589487972195746 0.45696353478466845 0.8751683310881123
137 -0.1999673495064208 0.44127026463777047 0.8748106153207617
138 -0.23481857010575669 0.4221920044062577 0.8755650464408196
139 -0.2659695304396936 0.3904144054251219 0.881383458498194
140 -0.29960582198897845 0.3693146192171908 0.8796835018702863
141 -0.3263668332731624 0.34041256851399854 0.881818560326868
142 -0.35386795019358874 0.3116454596788638 0.8818472550772825
143 -0.37836484169196893 0.28025273368204706 0.8822122487446833
144 -0.39673539694172644 0.24244830855360996 0.8853360054199674
145 -0.4162513811106251 0.20634797560258683 0.8855254376291013
146 -0.4326174048393421 0.16813268690507738 0.8857615822692653
147 -0.4467655376820776 0.12922255158467089 0.885269499362534
148 -0.45492333665437107 0.08467082376512824 0.8864962545720027
149 -0.4573146864436579 0.047084532369947585 0.8880576132067345
