0 -0.3926867004540075 -0.01999747822420776 0.9194548690127304
1 -0.3886130976497888 -0.03564477710147035 0.9207113066539488
2 -0.39100636457166105 -0.047572777695438856 0.919157687062885
3 -0.38934135433966915 -0.07121254894385898 0.9183365846321658
4 -0.3927987249833026 -0.08627875391729445 0.9155682051458376
5 -0.39387203861348974 -0.10641033785740661 0.9129850257236024
6 -0.3819362685630271 -0.12904025317114554 0.9151356729019353
7 -0.38018706726967355 -0.14043012598458865 0.9141866185833383
8 -0.37673629741488335 -0.15331241395347536 0.9135453277959901
9 -0.37119917328557295 -0.17817019699058484 0.9112993770745392
10 -0.3658470874004336 -0.18978480101319278 0.9111188934189668
11 -0.3613861134316707 -0.2085051181673997 0.9088045404358136
12 -0.3540089095814989 -0.21547422146929296 0.9100816182184542
13 -0.3474973125342625 -0.23944413206912663 0.9065936936682979
14 -0.33349669946097604 -0.2528429556119747 0.908212745586648
15 -0.3292202409749369 -0.2655001064575797 0.9061587754932455
16 -0.3234617740383975 -0.27632371454415666 0.904995958839846
17 -0.30574007123113917 -0.29656162061164615 0.9047509126957386
18 -0.3043360911208919 -0.3080818992881832 0.9013684523946034
19 -0.2838814272334532 -0.32537119922990904 0.9019672488419901
20 -0.27840854279376537 -0.3326320291100465 0.9010242041752182
21 -0.2656037583692338 -0.35295506519542535 0.8971495781044709
22 -0.24509282812643907 -0.359397911897971 0.9004235928297093
23 -0.24427558617695405 -0.37155228509275684 0.8956999148376961
24 -0.22476419065516307 -0.372740298813362 0.9003031313061479
25 -0.2081424527698379 -0.38606719196127415 0.8986817248871218
26 -0.19905531966913448 -0.3992793589788325 0.8949597606623838
27 -0.19383821987288052 -0.40745418363820163 0.8924168492090675
28 -0.17265570800596364 -0.41281445629519453 0.8943009734796568
29 -0.15977612618938503 -0.41882292499582147 0.8939009715834625
30 -0.143080463771325 -0.42492447473368256 0.893849635933968
31 -0.13079477459733757 -0.43174748733226304 0.8924611107047241
32 -0.11344301897647979 -0.4358430635599196 0.8928446143603079
33 -0.08711493504413836 -0.44051443928353895 0.8935088230537876
34 -0.08317339048584749 -0.44113575430441154 0.8935778832252772
35 -0.05991222914787275 -0.44220218206633766 0.8949121493053395
36 -0.0511673963939534 -0.4436941973186521 0.8947163555071637
37 -0.029749565213998963 -0.44668695928744767 0.8941955735587779
38 -0.020975532868024588 -0.440370412283417 0.8975711264330174
39 0.00021950059402581212 -0.44417732453651343 0.8959388685546992
40 0.01937722323859281 -0.44928376509801327 0.8931789415558987
41 0.03810731353113439 -0.4373003281954895 0.8985077938535411
42 0.05249853596604023 -0.42728769610460865 0.9025902328737212
43 0.06824764534409744 -0.43072047780549216 0.899901177298927
44 0.07810271334292074 -0.4236691088022735 0.9024436006838106
45 0.09670232503496286 -0.4255138006366306 0.8997703405873092
46 0.11343665642061418 -0.41338685000910674 0.9034619179686877
47 0.12257536324437174 -0.4112537592939651 0.9032417316488934
48 0.14172900201466387 -0.39852572813531223 0.9061402396992128
49 0.15486335476625612 -0.38590261140751814 0.9094484679515378
50 0.16730459312609558 -0.37738371412559935 0.9108187006378822
51 0.17861686512798508 -0.37461036989964525 0.909814863725309
52 0.19532452619358043 -0.364744060650461 0.9103900810572718
53 0.21334538768337552 -0.34725672395050944 0.9131793434070823
54 0.21926022062748188 -0.3376608643037885 0.915374293045204
55 0.2285405627510736 -0.3266424455144611 0.9171008254089377
56 0.2408536517649792 -0.3020737638436376 0.9223561999730975
57 0.2559042792997591 -0.29711459561051223 0.9199108200859868
58 0.26089485976503074 -0.28261166034991136 0.9230734107222736
59 0.26867208649360563 -0.27278268472032235 0.9237991756090422
60 0.2772463914878761 -0.25610876798664667 0.9260360345943962
61 0.29281168587531425 -0.24508776993888826 0.9242257849904636
62 0.30343776192465977 -0.22521437044906956 0.925853126571047
63 0.3071186038200555 -0.2109419880722126 0.927998728908484
64 0.3154812977173746 -0.19577964427973277 0.9285159566083192
65 0.3147335438111883 -0.17764939902817733 0.9324073613099474
66 0.32904760880996897 -0.1571802236350212 0.9311401873157907
67 0.3312233778294562 -0.15045418323270432 0.9314797972726115
68 0.3359201071741685 -0.13174517035811195 0.9326311659404305
69 0.3450854807744336 -0.11169277981431647 0.9319016760882174
70 0.34322588051794367 -0.09769170951798395 0.9341586186693007
71 0.34404039413979065 -0.07816097239241149 0.9356960348290517
72 0.34734236509795413 -0.06078388259822792 0.9357663175304209
73 0.3516645795239041 -0.04245118224650268 0.9351630449467888
74 0.34967170978152484 -0.03194149036002658 0.9363276331349217
75 0.35049332346941553 -0.015349181697469717 0.936439444291291
76 0.3488607247292056 0.00684628609257909 0.937149573498357
77 0.34538578121714725 0.023697651068653458 0.9381615444404277
78 0.34910735356112166 0.03247391534282856 0.9365198879425127
79 0.3506930116343264 0.05508669694589939 0.9348689038632297
80 0.3486534146620667 0.07254543376679745 0.9344399159304297
81 0.3429470871526329 0.08597537587177739 0.935411957458975
82 0.3442194241168936 0.10015297742690443 0.9335322003943737
83 0.32868804837045235 0.12462238894166155 0.9361802321310231
84 0.32836474057731846 0.13781378214645768 0.9344431275342974
85 0.32594607411950727 0.15115270355142496 0.9332266696656154
86 0.3126031961847948 0.16645537605731073 0.9351854626311668
87 0.3029565154422267 0.18132284988441516 0.9355957320664187
88 0.3030177595705208 0.19978882628937122 0.9318072023089206
89 0.29315221457209795 0.2069933739856082 0.9333892661786556
90 0.28261663256101877 0.2321255135009712 0.9307231516309133
91 0.27670602077070233 0.2376243868036395 0.9311113944450679
92 0.2654695184926392 0.2594803894562472 0.9285450243466497
93 0.25984956188523545 0.27054487430730145 0.9269755531696063
94 0.243557147469942 0.2717091204784341 0.931049982420461
95 0.23661289105686978 0.29109206972734314 0.9269734336687117
96 0.2234240130623356 0.3029812228245678 0.9264362304027467
97 0.2095505821465875 0.3173321689104134 0.9248723415134866
98 0.19886642478100425 0.3251060627163252 0.924531336991835
99 0.18198420902979262 0.335424682660953 0.9243224707457889
100 0.17029387688134545 0.33974992122163833 0.9249702625093479
101 0.15778832905171358 0.3597114751160742 0.9196251942421361
102 0.14627664696433107 0.35701151218541805 0.9225757002652697
103 0.1329870438461067 0.3631264183511138 0.9222004394189831
104 0.11459555084082629 0.37066617595380646 0.9216693798381661
105 0.09304539719117821 0.37859563751927583 0.920873442614624
106 0.082363496886249 0.38711414706749675 0.9183457363764878
107 0.0614200475013848 0.3820160280255057 0.9221124292061912
108 0.054328416796257994 0.38836336348284695 0.9199034302755384
109 0.03261396709751552 0.3977765235967328 0.9169024846871452
110 0.018423239294434346 0.394457937566702 0.9187292962263283
111 -0.0014475928151429923 0.39390020404037895 0.9191520732348862
112 -0.007339696867848633 0.3988917326736504 0.9169686551101408
113 -0.026919117762182476 0.38778693987804413 0.9213558760646876
114 -0.03387531256297249 0.3959033154203168 0.9176671662634346
115 -0.0509305347231504 0.39127115891408987 0.9188650395106126
116 -0.07615433760602033 0.3902550735785717 0.917551902842543
117 -0.09112165260886368 0.39278862858823793 0.9151032388083876
118 -0.10267533840091347 0.38392427524763806 0.9176382325076878
119 -0.12370395080375196 0.3796846054465365 0.9168080131316757
120 -0.13520507214234045 0.37701296364190084 0.9162864255858725
121 -0.14521649993578173 0.36736196975959357 0.9186715143732023
122 -0.16606278039356737 0.360405363642762 0.9178949432399586
123 -0.18301009931283976 0.3528804498343815 0.9175961484630312
124 -0.19805430415395714 0.34987135132300146 0.9156224823198198
125 -0.2071556610726213 0.339124278724461 0.917649854609687
126 -0.21672016358548507 0.32980519546408166 0.9188367122293167
127 -0.23719544906777512 0.3205793332151938 0.9170426435323705
128 -0.24809952585730155 0.3091522911629946 0.918080326626191
129 -0.26602263920666014 0.300517290725039 0.9159264781655815
130 -0.2747581527642038 0.2851187341853467 0.9182675344942492
131 -0.2777898797177845 0.2788137527102764 0.9192908538792229
132 -0.2908432068671573 0.2625882173629315 0.920031334858431
133 -0.30321484224193845 0.24589296538898353 0.9206505357715318
134 -0.31175955380441156 0.2329957339472245 0.921150893488178
135 -0.32438223533193244 0.22665649825274226 0.9183697497200481
136 -0.3253404771719517 0.2095045191754633 0.922096215347718
137 -0.3360883013173564 0.18843385418747602 0.9227878067647334
138 -0.3426838856573079 0.1879637562316514 0.9204549857837144
139 -0.35277343519048787 0.16347478643809515 0.9213180219787963
140 -0.3551871449846927 0.1539240659146186 0.9220355058076316
141 -0.36756252513689813 0.1371425031180173 0.9198313562569564
142 -0.3698523869960655 0.11838518448557322 0.9215173139597701
143 -0.37309637114066085 0.10177858991173783 0.9221931557310803
144 -0.3759179473640408 0.08254657778203467 0.9229689915409299
145 -0.38738033197398003 0.07219462623456402 0.9190889044823578
146 -0.383667274289171 0.04852115885983066 0.9221958142295035
147 -0.3938454373989226 0.032244043285394486 0.9186109585197971
148 -0.3892418489843934 0.021376183237889257 0.9208875293918314
149 -0.3973552907395417 0.001895972407085611 0.9176628891972948
