0.0 -0.03921880293168392 0.09041869040710959 0.9951313209429545
0.006666666666666667 -0.04074371134259602 0.06783372157884604 0.9968643519570727
0.013333333333333334 -0.03828949015087452 0.04722885999930487 0.9981499635461359
0.02 -0.03395416856396538 0.02968269576779259 0.9989825083599241
0.02666666666666667 -0.037883238522990526 -0.00391473676786841 0.9992745043655663
0.03333333333333333 -0.03738182892370695 -0.022734692788782374 0.9990424078136617
0.04 -0.03180702110708422 -0.044396957559854205 0.9985074980027551
0.04666666666666667 -0.03371370598481603 -0.060699753678504886 0.9975865505970587
0.05333333333333334 -0.03286112031659316 -0.08989092717532476 0.9954093469438079
0.06 -0.0337857470904348 -0.10980104677143751 0.9933792092758121
0.06666666666666667 -0.03137098064264865 -0.1243778887307504 0.9917388781168152
0.07333333333333333 -0.027660666648863463 -0.1530917809332403 0.9878247790631843
0.08 -0.028682542762595742 -0.1674525010233719 0.9854628210347103
0.08666666666666667 -0.024910054696607786 -0.1752356893935052 0.9842113301206175
0.09333333333333334 -0.025954147785210768 -0.19674484954911736 0.9801111398145819
0.1 -0.021821159817722036 -0.21165187870877689 0.9771014887017904
0.10666666666666667 -0.02017783474740731 -0.2359468625071902 0.9715564487243752
0.11333333333333333 -0.020134296052078005 -0.24818637053440976 0.9685030385101765
0.12 -0.020692909850042462 -0.25737541548688914 0.9660899021234457
0.12666666666666668 -0.020205164501675865 -0.27661186187136916 0.9607692903083004
0.13333333333333333 -0.019557453107804323 -0.28759996111120256 0.9575509220907108
0.14 -0.01977817007662891 -0.2964101166526101 0.9548559403042984
0.14666666666666667 -0.01248774122080687 -0.31247641149195937 0.9498434337196368
0.15333333333333332 -0.012773112801041098 -0.3283236134386266 0.9444789317120712
0.16 -0.010968995956113003 -0.34708197832281096 0.9377706443748591
0.16666666666666666 -0.017260692899141006 -0.348652245389601 0.9370932078856569
0.17333333333333334 -0.012022011974053282 -0.36763594089401663 0.9298920830887132
0.18 -0.008950901922490484 -0.3822520436472609 0.924014749061002
0.18666666666666668 -0.009306021239006701 -0.3889682791014064 0.921204144487849
0.19333333333333333 -0.008444915783409779 -0.3994151038017735 0.9167312901021922
0.2 -0.0025061842934357426 -0.40924254643253966 0.9124221924250298
0.20666666666666667 -0.002235454638104817 -0.42536791815505265 0.9050177550451685
0.21333333333333335 -0.00596808768064111 -0.4296825085059287 0.9029603113168866
0.22 -0.0009689649427291336 -0.43480024274433304 0.9005264071732759
0.22666666666666666 -0.004978193929936592 -0.4415704566870848 0.897212767054925
0.23333333333333334 -6.825753539180246e-05 -0.4526939645794017 0.8916659518980704
0.24 0.0030460846302051703 -0.4568819455876065 0.889522124044427
0.24666666666666667 0.007309694249925114 -0.46159901236172673 0.8870585776354634
0.25333333333333335 0.005593971116445939 -0.45984121952238616 0.8879835360609524
0.26 0.004250101624867608 -0.4616421474710917 0.8870560660490726
0.26666666666666666 -0.00019763961874030844 -0.4595387751208111 0.8881576859426741
0.2733333333333333 0.010218324897364184 -0.454584110351268 0.8906452000950985
0.28 0.010032532104115421 -0.44679102265083936 0.8945820981766833
0.2866666666666667 0.014577095710252341 -0.441410237915864 0.8971869984254758
0.29333333333333333 0.008091988469819233 -0.43075191616339215 0.9024341008872448
0.3 0.014982690514476482 -0.4236443740960416 0.9057046777408853
0.30666666666666664 0.011253428217205055 -0.4153990943728203 0.9095696524992469
0.31333333333333335 0.010541399984441313 -0.40506017737745426 0.9142292554875463
0.32 0.011479046515356361 -0.392511253868765 0.9196755662066205
0.32666666666666666 0.016472068103998094 -0.37289731747233845 0.927726393714392
0.3333333333333333 0.014225501036233379 -0.3685647598762658 0.9294932236964498
0.34 0.013782931825876643 -0.35177792839811195 0.9359820083111727
0.3466666666666667 0.020471223954634354 -0.34119581205684474 0.9397693051087964
0.35333333333333333 0.020659330206383775 -0.3241324838417977 0.9457860883910114
0.36 0.018662070436541153 -0.31063773764995484 0.9503451599680717
0.36666666666666664 0.015977020344244752 -0.30395266745516347 0.9525531537755833
0.37333333333333335 0.018149463022488266 -0.2893907779894937 0.9570389619062701
0.38 0.020691191906747175 -0.264106039575289 0.9642716808230627
0.38666666666666666 0.02033926551808679 -0.25942069013289315 0.9655502160991724
0.3933333333333333 0.020951689070946133 -0.2452284333289554 0.9692388984208693
0.4 0.020220762822889315 -0.23082689033348758 0.9727846973764711
0.4066666666666667 0.023861180873936294 -0.21712916812366917 0.9758512019756007
0.41333333333333333 0.022018621639255942 -0.18931446364351356 0.9816696053950514
0.42 0.025800006071754283 -0.18702230121060492 0.982016811738265
0.4266666666666667 0.027636660273270608 -0.16347496364824896 0.9861603070845751
0.43333333333333335 0.02045631260128311 -0.14669639167389137 0.9889700237846543
0.44 0.028325037146492357 -0.12591881252909976 0.9916360950075944
0.44666666666666666 0.029026067744077788 -0.1183213168916862 0.9925510331264249
0.4533333333333333 0.034597531384139124 -0.09496084813310846 0.994879614900197
0.46 0.03078750666845692 -0.07108152811003499 0.9969952586620872
0.4666666666666667 0.028983890212084584 -0.04361761371956674 0.99862777744342
0.47333333333333333 0.03622153677799811 -0.029700278360147103 0.9989023444455265
0.48 0.031127297183413227 -0.01149785374545266 0.9994492937259516
0.4866666666666667 0.03421957931780792 0.013775488905350075 0.9993193965378291
0.49333333333333335 0.0384115754043049 0.037581486150814025 0.9985550474428816
0.5 0.035948908551152736 0.0626151656734587 0.9973901027189243
0.5066666666666667 0.03762375395127937 0.08183592709787052 0.9959354066276819
0.5133333333333333 0.038417429964735184 0.11113589704622706 0.9930623915256461
0.52 0.0385183786410499 0.12774722822948217 0.9910585150164187
0.5266666666666666 0.039491227376022064 0.16187792138457696 0.9860202744003512
0.5333333333333333 0.03789602726519303 0.18324211601716311 0.9823371203589267
0.54 0.037373437302352916 0.20673129128762735 0.9776836908667126
0.5466666666666666 0.038960215775576734 0.22788477272509827 0.9729083368677393
0.5533333333333333 0.03722655934155161 0.24843258895283504 0.9679335886442735
0.56 0.038808151921881584 0.26799211707549014 0.9626391600853377
0.5666666666666667 0.04021372503322673 0.2901397763021403 0.9561389891256896
0.5733333333333334 0.03784276023158173 0.3104836986836873 0.9498251409337153
0.58 0.04017592269168291 0.32668036592303906 0.944280590585373
0.5866666666666667 0.04256870053224043 0.34641845828814105 0.9371137377566631
0.5933333333333334 0.04069956187659951 0.363624702373786 0.9306560167358444
0.6 0.03609349426118774 0.3767431000181587 0.925614334515583
0.6066666666666667 0.03753996536978024 0.3995182894911966 0.9159562693502699
0.6133333333333333 0.03926639593398548 0.4091741803248956 0.9116110137036548
0.62 0.03661262550289457 0.43202232054426154 0.9011194317099904
0.6266666666666667 0.03325882892847001 0.4406977373202583 0.8970392157643451
0.6333333333333333 0.03496684755197765 0.4587032565415273 0.887901256903308
0.64 0.03661690004455999 0.4732996475063568 0.8801401287871637
0.6466666666666666 0.03744502002645256 0.4830269832027394 0.8748044375592061
0.6533333333333333 0.029668115635502423 0.49767068486420873 0.866858519218348
0.66 0.03053040498291465 0.5179138129122229 0.8548878153104666
0.6666666666666666 0.03410004281880363 0.5261108101201675 0.8497320769245194
0.6733333333333333 0.029719134859121976 0.5390002229920481 0.8417811667159985
0.68 0.02650887202020194 0.5523431604568758 0.8331952429057227
0.6866666666666666 0.028235788014055463 0.5648451095855606 0.8247137336388315
0.6933333333333334 0.022757769329813105 0.5689291592955916 0.8220715879035977
0.7 0.022614977839548578 0.5838370215099699 0.811555848411977
0.7066666666666667 0.019382245159021094 0.5965048125612334 0.8023754340481045
0.7133333333333334 0.015889090605077705 0.5958358699304123 0.8029490350601417
0.72 0.018829296577357768 0.6123886023103129 0.7903326245011173
0.7266666666666667 0.008232082893098736 0.6199215585456752 0.7846206051726797
0.7333333333333333 0.010954097952667774 0.621224463956619 0.7835561071932593
0.74 0.0036528418557535414 0.6228923547985831 0.7822990291952645
0.7466666666666667 -0.00046597190966537853 0.6247147688598944 0.7808528929564826
0.7533333333333333 -0.004309102444701174 0.6336722132565653 0.7735896572360873
0.76 -0.005724111512488972 0.6238123218046504 0.7815532110560891
0.7666666666666667 -0.009191771739693322 0.6225178023406355 0.782551657784501
0.7733333333333333 -0.01066373513818153 0.6242698173694873 0.7811360188049002
0.78 -0.01813135584757597 0.6160840200988301 0.7874717354381636
0.7866666666666666 -0.02101022991739171 0.6119031391440074 0.7906536021194915
0.7933333333333333 -0.022824225800580522 0.607265735617685 0.7941708764877469
0.8 -0.02334247174589514 0.5996489670986592 0.7999226495545073
0.8066666666666666 -0.024773081991200006 0.5895547607105793 0.8073484244935075
0.8133333333333334 -0.029470188358353466 0.5727294541462216 0.8192145508665566
0.82 -0.03068008038359138 0.5561494654664775 0.8305158064293586
0.8266666666666667 -0.035793636808894747 0.5437648254821829 0.8384739889420088
0.8333333333333334 -0.03423582290151139 0.5406426196491532 0.8405554510257831
0.84 -0.03732581993922701 0.5176637063812781 0.8547696006886665
0.8466666666666667 -0.03489535510926023 0.5109726489875843 0.8588883898262971
0.8533333333333334 -0.03828294830715562 0.4930934561588057 0.8691336257229237
0.86 -0.03837870600055293 0.48435605597519227 0.8740287672416048
0.8666666666666667 -0.03835683618695823 0.4756351457305093 0.8788059861332557
0.8733333333333333 -0.04060260846268943 0.4607664321819679 0.8865921966498043
0.88 -0.03994645915974204 0.43686268315579296 0.8986407939029475
0.8866666666666667 -0.04372386774534215 0.42522718543435756 0.904029902247134
0.8933333333333333 -0.036179585005560955 0.41139084292214034 0.9107406941542889
0.9 -0.043334295929804756 0.4002173460011258 0.915395114011476
0.9066666666666666 -0.04006067316610251 0.3821447988992581 0.9232337164227294
0.9133333333333333 -0.044907401674717407 0.37235185580104524 0.9270045419286485
0.92 -0.043789602763299795 0.34870372508613506 0.9362094759191907
0.9266666666666666 -0.04594588277580469 0.3350134243197171 0.9410924404018606
0.9333333333333333 -0.04186069614628696 0.3095484105566151 0.9499618222013041
0.94 -0.04190198499169551 0.29505039000834254 0.9545624605072631
0.9466666666666667 -0.04306450210428736 0.2661285559587819 0.9629750985159502
0.9533333333333334 -0.04313824101395225 0.2520202098573418 0.9667600043370035
0.96 -0.04372759829200332 0.23077911723546451 0.9720230944764805
0.9666666666666667 -0.039494358707403254 0.20567881864544457 0.9778222840531431
0.9733333333333334 -0.041543275200019644 0.18890194807082222 0.9811168178666104
0.98 -0.039232670868820985 0.1635703829476499 0.9857512502446333
0.9866666666666667 -0.04106728418942307 0.1435364341869022 0.9887925820060618
0.9933333333333333 -0.0402967288335524 0.12062517101861303 0.9918799028925053
