0 -0.04098608126005021 0.14677074631861564 0.9883210455960256
1 -0.040612239559165375 0.1057842148857756 0.9935594324845339
2 -0.041625696026645675 0.06351023357795887 0.9971127076018891
3 -0.03847820393144491 0.018315512655234012 0.9990915722887397
4 -0.03582976510707525 -0.02272262716329365 0.9990995496681847
5 -0.03657512645615102 -0.056781106591928365 0.9977164757880429
6 -0.034045486438670204 -0.1053382216794645 0.9938534921740543
7 -0.03494755273895467 -0.14352989955936057 0.9890287339051569
8 -0.029405183043720418 -0.1776105896255709 0.9836614324364973
9 -0.026622829350158694 -0.20941282290240132 0.9774648303450306
10 -0.024664290223893937 -0.24878611188525318 0.9682443613679191
11 -0.023921869243674343 -0.2806035463210529 0.9595256088109045
12 -0.022186091753647958 -0.30771981431561446 0.9512183204765677
13 -0.01587683193524475 -0.3332877999152376 0.9426914493275944
14 -0.015148702383359414 -0.3565057228107439 0.9341703198128752
15 -0.014407215780107285 -0.3783049335773545 0.9255689111916513
16 -0.007219504810533461 -0.39973143584204845 0.9166038718824749
17 -0.008736796241770817 -0.41186520099039237 0.9112028998003535
18 -0.006379969538662267 -0.4233057907873725 0.9059644051918169
19 0.0025954623432804524 -0.4263731660193802 0.9045436345880917
20 0.006191363058494104 -0.42187708896812504 0.9066318926815108
21 0.008555507376881433 -0.40965526543383657 0.9122002887501501
22 0.010837427968168778 -0.3998307277341129 0.9165249256374017
23 0.01140527971274402 -0.3816432894974888 0.9242393192113232
24 0.017845658415875598 -0.3580847770038652 0.9335185188060257
25 0.02232990280421046 -0.33620694322542577 0.9415233755822371
26 0.021302801776695635 -0.3114901480284301 0.9500105674768511
27 0.024689128515689496 -0.2848318668433137 0.9582594922898958
28 0.029035809324141848 -0.2508323025141326 0.967594996779309
29 0.030119839232200796 -0.22089294095873974 0.9748328594786009
30 0.034822142884719076 -0.1847506196116234 0.9821683292175725
31 0.034977115162933003 -0.15128853498894723 0.9878706294833232
32 0.03609290567855872 -0.11005447452130754 0.9932700110229431
33 0.03788017989799364 -0.07148773690263643 0.9967219248333183
34 0.04040174253910589 -0.03127155046075436 0.9986940419025159
35 0.04149705315187485 0.012805253998328103 0.9990565649900653
36 0.0421251997541191 0.05795939858393283 0.9974297848277164
37 0.0446700532682377 0.10573786244812905 0.9933902006693611
38 0.04569979911062705 0.15041483845971826 0.9875661520791333
39 0.04520987654217923 0.19159687706638573 0.9804318965442982
40 0.04336618314652241 0.23306535892423597 0.9714936503286159
41 0.04661242729741544 0.2774440588673043 0.959610377090973
42 0.04883831329968688 0.3177069492466591 0.9469303636247082
43 0.04861080274494545 0.35621220911211343 0.9331397815632768
44 0.04675331275656014 0.39424658141328106 0.9178146658177937
45 0.047852226396956965 0.4256216582312382 0.9036350859021278
46 0.04832087636100957 0.4615978041618928 0.8857722958529596
47 0.04495352680100928 0.494326072523099 0.8681134225733633
48 0.04227638193350036 0.522393382539249 0.851655952488923
49 0.04127614237763977 0.5572076190691468 0.829346700313996
50 0.03854830443879598 0.5857946359091906 0.809542261259357
51 0.03433978153583657 0.6127672240573185 0.7895170096490376
52 0.027349373753251305 0.6384844507205165 0.7691486318933585
53 0.025597199683390692 0.661006482548895 0.7499434734676382
54 0.020059233357738654 0.6806923145954097 0.7322947494061691
55 0.010186083738645463 0.6894758813760354 0.7242370141734054
56 0.0061583543987424605 0.6931037233907287 0.7208115587953678
57 -0.0021405100942719357 0.6900240094780771 0.7237833132646364
58 -0.007596913208975542 0.6812352470720295 0.7320251532948892
59 -0.013498458292188431 0.665408177434254 0.746357654899686
60 -0.018759845683099408 0.6431309397754033 0.765526395687016
61 -0.025427073134098088 0.6182565101210358 0.7855649888104683
62 -0.02884201830625288 0.5952845665221856 0.802997149957903
63 -0.03248249636559303 0.5610699027382224 0.8271308552285915
64 -0.03850028555377824 0.5327440567358995 0.8454001999200464
65 -0.041349696563927674 0.502250322294973 0.8637330700793313
66 -0.03931204236420016 0.4678665387113401 0.8829243825376134
67 -0.042526733991488375 0.43898696777235213 0.8974864450352734
68 -0.04396184936524983 0.4049992681132679 0.9132595187722403
69 -0.04383074045282387 0.37296013538046663 0.9268115253967991
70 -0.04480600640585186 0.3351825372167869 0.9410871843431277
71 -0.04374322380740159 0.29682761854133743 0.9539286636022706
72 -0.04572268417486358 0.25276678735554603 0.9664462671880949
73 -0.04495749703626378 0.20739190598309454 0.9772243451699991
74 -0.043458627569241126 0.16283412341111836 0.9856958942507221
75 -0.0406417198559261 0.11664170466591525 0.9923421604163464
76 -0.04250011318498781 0.0668538997260884 0.9968572096698085
77 -0.04008869148239899 0.030360151883234543 0.9987347786038372
78 -0.03577143177575237 -0.014563259767054193 0.9992538797190982
79 -0.03431798225596672 -0.05663160414468835 0.9978051600918275
80 -0.03170905380039002 -0.09731246291613693 0.9947486217473636
81 -0.02837394909010092 -0.13441112012683432 0.9905193434755741
82 -0.028778870628676123 -0.17775353083595635 0.983654135802157
83 -0.023317742861775348 -0.20621336791620692 0.9782291805913823
84 -0.023061416972555926 -0.24298289822892216 0.9697564035444627
85 -0.02260987001834358 -0.27432241826894677 0.961371938748386
86 -0.02116753942883487 -0.3049016743571014 0.9521485725708801
87 -0.01406171662270539 -0.3359759694346349 0.9417655844678546
88 -0.014018559466603277 -0.3687609946534394 0.9294185326389226
89 -0.014941631633293928 -0.39709689349215027 0.9176550576458558
90 -0.00818604155175573 -0.41926204495176617 0.9078283573377603
91 -0.006467887625781821 -0.4415790230835994 0.8971990485963491
92 -0.0035605413748867054 -0.46269057728997764 0.8865126915234688
93 -0.004871897681408388 -0.47607172480457716 0.879392959634416
94 -0.0006950284991020794 -0.4772189124431747 0.8787841751772382
95 0.003335357439980813 -0.47150392571347455 0.8818576548556629
96 0.006374604208327361 -0.4723511815180515 0.8813873868734949
97 0.010439485503790147 -0.4587259596070515 0.8885164664343627
98 0.011393064433209199 -0.44221653519992965 0.8968359571730996
99 0.01395257646466519 -0.4180170712962182 0.908332017334482
100 0.015252920724646568 -0.39053718316079344 0.9204607851387263
101 0.020533420237762168 -0.3690631961435359 0.9291774512468847
102 0.019077130930494124 -0.3397875182957172 0.9403087288151155
103 0.0219303114619126 -0.30835680941299193 0.9510179491091761
104 0.024501444120450855 -0.27753093383077765 0.9604042169852383
105 0.0273443405241367 -0.24807428462154646 0.9683550156584143
106 0.03351298312568296 -0.21137083145028152 0.9768312298314556
107 0.02966395379980713 -0.17702203457918364 0.9837597517272244
108 0.03694987065157576 -0.14193019059822148 0.9891868013957648
109 0.03535492012876884 -0.09550281886933915 0.9948011063577977
110 0.03947198644817951 -0.06107885020397845 0.9973521626504824
111 0.037954657059947904 -0.01890586502390279 0.99910060167891
112 0.04178688203859804 0.029087518351861574 0.9987030453371124
113 0.044833500895078204 0.07778407924943109 0.9959616429425429
114 0.04478995297891153 0.11988884583927263 0.9917764489820651
115 0.04607417862976332 0.1688393459735782 0.9845661203366727
116 0.04324043590585905 0.2091454597328395 0.9769280635624156
117 0.04654716448822793 0.253188970038561 0.9662963866893627
118 0.04839465110577745 0.291780474668896 0.9552602327880838
119 0.045652009693616796 0.3284981827293877 0.9434006773128921
120 0.043861207164462845 0.3692344685175688 0.9283006526791979
121 0.04576256450502986 0.4038140802403316 0.9136957788506952
122 0.04271108293162473 0.43774752132587536 0.8980828864686488
123 0.04053540209220145 0.4716446029682012 0.8808565431829364
124 0.03937952722153784 0.4999767773661598 0.8651430372662994
125 0.036881944826609114 0.5344109148953915 0.8444197393396708
126 0.03256285349174759 0.5627734290973088 0.8259695684918008
127 0.029961795325668117 0.5893352800403788 0.8073327805314184
128 0.02531049777895089 0.6143826515980984 0.7886021405737317
129 0.019470021380556424 0.6338505626397135 0.7732104386961931
130 0.01569094899884871 0.6533682268939588 0.75687763489547
131 0.006763284556660698 0.664741767931461 0.7470425958065315
132 0.006700612946243523 0.6688439174005987 0.7433726628968578
133 -0.0018191016416551076 0.6681321823858417 0.7440403737227903
134 -0.00957612489734272 0.6570573528691875 0.7537797641702028
135 -0.018343989419633333 0.6464724208251981 0.7627167935509095
136 -0.022059648309661672 0.626484006709371 0.7791220451596957
137 -0.026116137304441067 0.6060764750770097 0.7949775177516171
138 -0.03126428640473844 0.5842819540019667 0.81094829836633
139 -0.03373889034226385 0.5553934256957425 0.8309030207987093
140 -0.03869793203166705 0.5246906891676133 0.8504129295567464
141 -0.04168329995049891 0.48847341401574373 0.8715825986703958
142 -0.04116522318066429 0.46207624699476013 0.8858842849739035
143 -0.04177846482577947 0.4298446452114054 0.9019357742433116
144 -0.0435407278989256 0.39029224730958156 0.9196608976704771
145 -0.042239660413151414 0.3551781718843084 0.933843818475607
146 -0.04481586015151007 0.3187647118496111 0.9467737835187002
147 -0.0461629924274049 0.2810138921442606 0.9585928074798397
148 -0.042881346180370726 0.23386276899993896 0.9713235276803708
149 -0.04267435252803603 0.19268285701521626 0.9803327069157525
